9.93731 1 4 27 9 5 8 31 17 23 15 24 7 29 13 25 12 19 11 21 30 26 14 22 10 3 32 6 18 20 16 2 28 1 
9.93731 1 4 27 9 5 8 31 17 23 15 24 7 29 13 25 12 19 11 21 30 26 14 22 10 3 32 6 18 20 16 2 28 1 
9.93731 1 4 27 9 5 8 31 17 23 15 24 7 29 13 25 12 19 11 21 30 26 14 22 10 3 32 6 18 20 16 2 28 1 
9.93731 1 4 27 9 5 8 31 17 23 15 24 7 29 13 25 12 19 11 21 30 26 14 22 10 3 32 6 18 20 16 2 28 1 
9.93731 1 4 27 9 5 8 31 17 23 15 24 7 29 13 25 12 19 11 21 30 26 14 22 10 3 32 6 18 20 16 2 28 1 
9.93731 1 4 27 9 5 8 31 17 23 15 24 7 29 13 25 12 19 11 21 30 26 14 22 10 3 32 6 18 20 16 2 28 1 
9.93731 1 4 27 9 5 8 31 17 23 15 24 7 29 13 25 12 19 11 21 30 26 14 22 10 3 32 6 18 20 16 2 28 1 
9.93731 1 4 27 9 5 8 31 17 23 15 24 7 29 13 25 12 19 11 21 30 26 14 22 10 3 32 6 18 20 16 2 28 1 
9.93731 1 4 27 9 5 8 31 17 23 15 24 7 29 13 25 12 19 11 21 30 26 14 22 10 3 32 6 18 20 16 2 28 1 
9.93731 1 4 27 9 5 8 31 17 23 15 24 7 29 13 25 12 19 11 21 30 26 14 22 10 3 32 6 18 20 16 2 28 1 
9.93731 1 4 27 9 5 8 31 17 23 15 24 7 29 13 25 12 19 11 21 30 26 14 22 10 3 32 6 18 20 16 2 28 1 
9.93731 1 4 27 9 5 8 31 17 23 15 24 7 29 13 25 12 19 11 21 30 26 14 22 10 3 32 6 18 20 16 2 28 1 
9.93731 1 4 27 9 5 8 31 17 23 15 24 7 29 13 25 12 19 11 21 30 26 14 22 10 3 32 6 18 20 16 2 28 1 
9.93731 1 4 27 9 5 8 31 17 23 15 24 7 29 13 25 12 19 11 21 30 26 14 22 10 3 32 6 18 20 16 2 28 1 
9.93731 1 4 27 9 5 8 31 17 23 15 24 7 29 13 25 12 19 11 21 30 26 14 22 10 3 32 6 18 20 16 2 28 1 
9.93731 1 4 27 9 5 8 31 17 23 15 24 7 29 13 25 12 19 11 21 30 26 14 22 10 3 32 6 18 20 16 2 28 1 
9.93731 1 4 27 9 5 8 31 17 23 15 24 7 29 13 25 12 19 11 21 30 26 14 22 10 3 32 6 18 20 16 2 28 1 
9.93731 1 4 27 9 5 8 31 17 23 15 24 7 29 13 25 12 19 11 21 30 26 14 22 10 3 32 6 18 20 16 2 28 1 
9.93731 1 4 27 9 5 8 31 17 23 15 24 7 29 13 25 12 19 11 21 30 26 14 22 10 3 32 6 18 20 16 2 28 1 
9.93731 1 4 27 9 5 8 31 17 23 15 24 7 29 13 25 12 19 11 21 30 26 14 22 10 3 32 6 18 20 16 2 28 1 
9.93731 1 4 27 9 5 8 31 17 23 15 24 7 29 13 25 12 19 11 21 30 26 14 22 10 3 32 6 18 20 16 2 28 1 
9.93731 1 4 27 9 5 8 31 17 23 15 24 7 29 13 25 12 19 11 21 30 26 14 22 10 3 32 6 18 20 16 2 28 1 
9.93731 1 4 27 9 5 8 31 17 23 15 24 7 29 13 25 12 19 11 21 30 26 14 22 10 3 32 6 18 20 16 2 28 1 
9.93731 1 4 27 9 5 8 31 17 23 15 24 7 29 13 25 12 19 11 21 30 26 14 22 10 3 32 6 18 20 16 2 28 1 
9.93731 1 4 27 9 5 8 31 17 23 15 24 7 29 13 25 12 19 11 21 30 26 14 22 10 3 32 6 18 20 16 2 28 1 
9.93731 1 4 27 9 5 8 31 17 23 15 24 7 29 13 25 12 19 11 21 30 26 14 22 10 3 32 6 18 20 16 2 28 1 
9.93731 1 4 27 9 5 8 31 17 23 15 24 7 29 13 25 12 19 11 21 30 26 14 22 10 3 32 6 18 20 16 2 28 1 
9.93731 1 4 27 9 5 8 31 17 23 15 24 7 29 13 25 12 19 11 21 30 26 14 22 10 3 32 6 18 20 16 2 28 1 
9.93731 1 4 27 9 5 8 31 17 23 15 24 7 29 13 25 12 19 11 21 30 26 14 22 10 3 32 6 18 20 16 2 28 1 
9.93731 1 4 27 9 5 8 31 17 23 15 24 7 29 13 25 12 19 11 21 30 26 14 22 10 3 32 6 18 20 16 2 28 1 
9.93731 1 4 27 9 5 8 31 17 23 15 24 7 29 13 25 12 19 11 21 30 26 14 22 10 3 32 6 18 20 16 2 28 1 
9.93731 1 4 27 9 5 8 31 17 23 15 24 7 29 13 25 12 19 11 21 30 26 14 22 10 3 32 6 18 20 16 2 28 1 
9.93731 1 4 27 9 5 8 31 17 23 15 24 7 29 13 25 12 19 11 21 30 26 14 22 10 3 32 6 18 20 16 2 28 1 
9.93731 1 4 27 9 5 8 31 17 23 15 24 7 29 13 25 12 19 11 21 30 26 14 22 10 3 32 6 18 20 16 2 28 1 
9.93731 1 4 27 9 5 8 31 17 23 15 24 7 29 13 25 12 19 11 21 30 26 14 22 10 3 32 6 18 20 16 2 28 1 
9.93731 1 4 27 9 5 8 31 17 23 15 24 7 29 13 25 12 19 11 21 30 26 14 22 10 3 32 6 18 20 16 2 28 1 
9.93731 1 4 27 9 5 8 31 17 23 15 24 7 29 13 25 12 19 11 21 30 26 14 22 10 3 32 6 18 20 16 2 28 1 
9.93731 1 4 27 9 5 8 31 17 23 15 24 7 29 13 25 12 19 11 21 30 26 14 22 10 3 32 6 18 20 16 2 28 1 
9.93731 1 4 27 9 5 8 31 17 23 15 24 7 29 13 25 12 19 11 21 30 26 14 22 10 3 32 6 18 20 16 2 28 1 
9.93731 1 4 27 9 5 8 31 17 23 15 24 7 29 13 25 12 19 11 21 30 26 14 22 10 3 32 6 18 20 16 2 28 1 
9.93731 1 4 27 9 5 8 31 17 23 15 24 7 29 13 25 12 19 11 21 30 26 14 22 10 3 32 6 18 20 16 2 28 1 
9.93731 1 4 27 9 5 8 31 17 23 15 24 7 29 13 25 12 19 11 21 30 26 14 22 10 3 32 6 18 20 16 2 28 1 
9.93731 1 4 27 9 5 8 31 17 23 15 24 7 29 13 25 12 19 11 21 30 26 14 22 10 3 32 6 18 20 16 2 28 1 
9.93731 1 4 27 9 5 8 31 17 23 15 24 7 29 13 25 12 19 11 21 30 26 14 22 10 3 32 6 18 20 16 2 28 1 
9.93731 1 4 27 9 5 8 31 17 23 15 24 7 29 13 25 12 19 11 21 30 26 14 22 10 3 32 6 18 20 16 2 28 1 
9.93731 1 4 27 9 5 8 31 17 23 15 24 7 29 13 25 12 19 11 21 30 26 14 22 10 3 32 6 18 20 16 2 28 1 
9.93731 1 4 27 9 5 8 31 17 23 15 24 7 29 13 25 12 19 11 21 30 26 14 22 10 3 32 6 18 20 16 2 28 1 
9.93731 1 4 27 9 5 8 31 17 23 15 24 7 29 13 25 12 19 11 21 30 26 14 22 10 3 32 6 18 20 16 2 28 1 
9.93731 1 4 27 9 5 8 31 17 23 15 24 7 29 13 25 12 19 11 21 30 26 14 22 10 3 32 6 18 20 16 2 28 1 
9.93731 1 4 27 9 5 8 31 17 23 15 24 7 29 13 25 12 19 11 21 30 26 14 22 10 3 32 6 18 20 16 2 28 1 
9.93731 1 4 27 9 5 8 31 17 23 15 24 7 29 13 25 12 19 11 21 30 26 14 22 10 3 32 6 18 20 16 2 28 1 
9.93731 1 4 27 9 5 8 31 17 23 15 24 7 29 13 25 12 19 11 21 30 26 14 22 10 3 32 6 18 20 16 2 28 1 
9.93731 1 4 27 9 5 8 31 17 23 15 24 7 29 13 25 12 19 11 21 30 26 14 22 10 3 32 6 18 20 16 2 28 1 
9.93731 1 4 27 9 5 8 31 17 23 15 24 7 29 13 25 12 19 11 21 30 26 14 22 10 3 32 6 18 20 16 2 28 1 
9.93731 1 4 27 9 5 8 31 17 23 15 24 7 29 13 25 12 19 11 21 30 26 14 22 10 3 32 6 18 20 16 2 28 1 
9.93731 1 4 27 9 5 8 31 17 23 15 24 7 29 13 25 12 19 11 21 30 26 14 22 10 3 32 6 18 20 16 2 28 1 
9.93731 1 4 27 9 5 8 31 17 23 15 24 7 29 13 25 12 19 11 21 30 26 14 22 10 3 32 6 18 20 16 2 28 1 
9.93731 1 4 27 9 5 8 31 17 23 15 24 7 29 13 25 12 19 11 21 30 26 14 22 10 3 32 6 18 20 16 2 28 1 
9.93731 1 4 27 9 5 8 31 17 23 15 24 7 29 13 25 12 19 11 21 30 26 14 22 10 3 32 6 18 20 16 2 28 1 
9.93731 1 4 27 9 5 8 31 17 23 15 24 7 29 13 25 12 19 11 21 30 26 14 22 10 3 32 6 18 20 16 2 28 1 
9.93731 1 4 27 9 5 8 31 17 23 15 24 7 29 13 25 12 19 11 21 30 26 14 22 10 3 32 6 18 20 16 2 28 1 
9.93731 1 4 27 9 5 8 31 17 23 15 24 7 29 13 25 12 19 11 21 30 26 14 22 10 3 32 6 18 20 16 2 28 1 
9.93731 1 4 27 9 5 8 31 17 23 15 24 7 29 13 25 12 19 11 21 30 26 14 22 10 3 32 6 18 20 16 2 28 1 
9.93731 1 4 27 9 5 8 31 17 23 15 24 7 29 13 25 12 19 11 21 30 26 14 22 10 3 32 6 18 20 16 2 28 1 
9.93731 1 4 27 9 5 8 31 17 23 15 24 7 29 13 25 12 19 11 21 30 26 14 22 10 3 32 6 18 20 16 2 28 1 
9.93731 1 4 27 9 5 8 31 17 23 15 24 7 29 13 25 12 19 11 21 30 26 14 22 10 3 32 6 18 20 16 2 28 1 
9.93731 1 4 27 9 5 8 31 17 23 15 24 7 29 13 25 12 19 11 21 30 26 14 22 10 3 32 6 18 20 16 2 28 1 
9.93731 1 4 27 9 5 8 31 17 23 15 24 7 29 13 25 12 19 11 21 30 26 14 22 10 3 32 6 18 20 16 2 28 1 
9.93731 1 4 27 9 5 8 31 17 23 15 24 7 29 13 25 12 19 11 21 30 26 14 22 10 3 32 6 18 20 16 2 28 1 
9.93731 1 4 27 9 5 8 31 17 23 15 24 7 29 13 25 12 19 11 21 30 26 14 22 10 3 32 6 18 20 16 2 28 1 
9.93731 1 4 27 9 5 8 31 17 23 15 24 7 29 13 25 12 19 11 21 30 26 14 22 10 3 32 6 18 20 16 2 28 1 
9.93731 1 4 27 9 5 8 31 17 23 15 24 7 29 13 25 12 19 11 21 30 26 14 22 10 3 32 6 18 20 16 2 28 1 
9.93731 1 4 27 9 5 8 31 17 23 15 24 7 29 13 25 12 19 11 21 30 26 14 22 10 3 32 6 18 20 16 2 28 1 
9.93731 1 4 27 9 5 8 31 17 23 15 24 7 29 13 25 12 19 11 21 30 26 14 22 10 3 32 6 18 20 16 2 28 1 
9.93731 1 4 27 9 5 8 31 17 23 15 24 7 29 13 25 12 19 11 21 30 26 14 22 10 3 32 6 18 20 16 2 28 1 
9.93731 1 4 27 9 5 8 31 17 23 15 24 7 29 13 25 12 19 11 21 30 26 14 22 10 3 32 6 18 20 16 2 28 1 
9.93731 1 4 27 9 5 8 31 17 23 15 24 7 29 13 25 12 19 11 21 30 26 14 22 10 3 32 6 18 20 16 2 28 1 
9.93731 1 4 27 9 5 8 31 17 23 15 24 7 29 13 25 12 19 11 21 30 26 14 22 10 3 32 6 18 20 16 2 28 1 
9.93731 1 4 27 9 5 8 31 17 23 15 24 7 29 13 25 12 19 11 21 30 26 14 22 10 3 32 6 18 20 16 2 28 1 
9.93731 1 4 27 9 5 8 31 17 23 15 24 7 29 13 25 12 19 11 21 30 26 14 22 10 3 32 6 18 20 16 2 28 1 
9.93731 1 4 27 9 5 8 31 17 23 15 24 7 29 13 25 12 19 11 21 30 26 14 22 10 3 32 6 18 20 16 2 28 1 
9.93731 1 4 27 9 5 8 31 17 23 15 24 7 29 13 25 12 19 11 21 30 26 14 22 10 3 32 6 18 20 16 2 28 1 
10.0988 1 4 27 9 8 5 31 17 23 15 24 7 29 13 25 12 19 11 21 30 26 14 22 10 3 32 6 18 20 16 2 28 1 
10.2795 1 4 27 9 5 17 31 8 23 15 24 7 29 13 25 12 19 11 21 30 26 14 22 10 3 32 6 18 20 16 2 28 1 
10.2795 1 4 27 9 5 17 31 8 23 15 24 7 29 13 25 12 19 11 21 30 26 14 22 10 3 32 6 18 20 16 2 28 1 
10.6705 1 4 27 8 5 9 31 17 23 15 24 7 29 13 25 12 19 11 21 30 26 14 22 10 3 32 6 18 20 16 2 28 1 
10.6705 1 4 27 8 5 9 31 17 23 15 24 7 29 13 25 12 19 11 21 30 26 14 22 10 3 32 6 18 20 16 2 28 1 
10.6705 1 4 27 8 5 9 31 17 23 15 24 7 29 13 25 12 19 11 21 30 26 14 22 10 3 32 6 18 20 16 2 28 1 
10.6705 1 4 27 8 5 9 31 17 23 15 24 7 29 13 25 12 19 11 21 30 26 14 22 10 3 32 6 18 20 16 2 28 1 
10.8725 1 4 27 9 5 8 31 17 23 15 24 7 29 13 25 12 19 11 21 30 26 14 22 32 3 10 6 18 20 16 2 28 1 
10.8725 1 4 27 9 5 8 31 17 23 15 24 7 29 13 25 12 19 11 21 30 26 14 22 32 3 10 6 18 20 16 2 28 1 
10.8725 1 4 27 9 5 8 31 17 23 15 24 7 29 13 25 12 19 11 21 30 26 14 22 32 3 10 6 18 20 16 2 28 1 
10.8725 1 4 27 9 5 8 31 17 23 15 24 7 29 13 25 12 19 11 21 30 26 14 22 32 3 10 6 18 20 16 2 28 1 
10.8725 1 4 27 9 5 8 31 17 23 15 24 7 29 13 25 12 19 11 21 30 26 14 22 32 3 10 6 18 20 16 2 28 1 
10.9048 1 4 27 9 5 8 31 17 23 15 24 7 29 13 25 12 19 11 21 30 26 14 22 10 3 32 18 6 20 16 2 28 1 
10.9079 1 4 27 9 26 14 22 10 3 32 6 18 20 16 5 8 31 17 23 15 24 7 29 13 25 12 19 11 21 30 2 28 1 
10.9079 1 4 27 9 26 14 22 10 3 32 6 18 20 16 5 8 31 17 23 15 24 7 29 13 25 12 19 11 21 30 2 28 1 
11.0126 1 4 27 9 12 25 13 29 7 24 15 23 17 31 8 5 19 11 21 30 26 14 22 10 3 32 6 18 20 16 2 28 1 
11.0126 1 4 27 9 12 25 13 29 7 24 15 23 17 31 8 5 19 11 21 30 26 14 22 10 3 32 6 18 20 16 2 28 1 
11.0275 1 4 27 9 20 18 6 32 3 10 22 14 26 30 21 11 19 12 25 13 29 7 24 15 23 17 31 8 5 16 2 28 1 
11.145 1 4 27 9 5 8 24 15 23 17 31 7 29 13 25 12 19 11 21 30 26 14 22 10 3 32 6 18 20 16 2 28 1 
11.145 1 4 27 9 5 8 24 15 23 17 31 7 29 13 25 12 19 11 21 30 26 14 22 10 3 32 6 18 20 16 2 28 1 
11.145 1 4 27 9 5 8 24 15 23 17 31 7 29 13 25 12 19 11 21 30 26 14 22 10 3 32 6 18 20 16 2 28 1 
11.145 1 4 27 9 5 8 24 15 23 17 31 7 29 13 25 12 19 11 21 30 26 14 22 10 3 32 6 18 20 16 2 28 1 
11.1588 1 4 10 3 32 6 18 27 9 5 8 31 17 23 15 24 7 29 13 25 12 19 11 21 30 26 14 22 20 16 2 28 1 
11.2153 1 4 10 3 32 6 18 20 16 27 9 5 8 31 17 23 15 24 7 29 13 25 12 19 11 21 30 26 14 22 2 28 1 
11.415 1 4 10 22 14 26 30 21 11 19 12 25 13 29 7 24 15 23 17 31 8 5 9 27 3 32 6 18 20 16 2 28 1 
11.4527 1 4 6 32 3 10 22 14 26 30 21 11 19 12 25 13 29 7 24 15 23 17 31 8 5 9 27 18 20 16 2 28 1 
11.4527 1 4 6 32 3 10 22 14 26 30 21 11 19 12 25 13 29 7 24 15 23 17 31 8 5 9 27 18 20 16 2 28 1 
11.527 1 4 27 9 5 8 7 29 13 25 12 19 11 21 30 31 17 23 15 24 26 14 22 10 3 32 6 18 20 16 2 28 1 
11.6413 1 4 27 9 5 8 31 17 23 15 24 7 29 13 25 12 19 11 21 18 30 26 14 22 10 3 32 6 20 16 2 28 1 
11.6684 1 4 27 18 9 5 8 31 17 23 15 24 7 29 13 25 12 19 11 21 30 26 14 22 10 3 32 6 20 16 2 28 1 
11.6684 1 4 27 18 9 5 8 31 17 23 15 24 7 29 13 25 12 19 11 21 30 26 14 22 10 3 32 6 20 16 2 28 1 
11.6935 1 4 10 3 32 6 18 20 16 2 27 9 5 8 31 17 23 15 24 7 29 13 25 12 19 11 21 30 26 14 22 28 1 
11.6935 1 4 10 3 32 6 18 20 16 2 27 9 5 8 31 17 23 15 24 7 29 13 25 12 19 11 21 30 26 14 22 28 1 
11.6935 1 4 10 3 32 6 18 20 16 2 27 9 5 8 31 17 23 15 24 7 29 13 25 12 19 11 21 30 26 14 22 28 1 
11.6935 1 4 10 3 32 6 18 20 16 2 27 9 5 8 31 17 23 15 24 7 29 13 25 12 19 11 21 30 26 14 22 28 1 
11.6935 1 4 10 3 32 6 18 20 16 2 27 9 5 8 31 17 23 15 24 7 29 13 25 12 19 11 21 30 26 14 22 28 1 
11.7295 1 4 10 3 32 6 18 20 16 14 22 2 27 9 5 8 31 17 23 15 24 7 29 13 25 12 19 11 21 30 26 28 1 
11.7423 1 4 27 9 5 8 31 17 23 15 24 7 29 13 25 12 19 11 21 30 26 14 22 6 18 20 16 10 3 32 2 28 1 
11.7423 1 4 27 9 5 8 31 17 23 15 24 7 29 13 25 12 19 11 21 30 26 14 22 6 18 20 16 10 3 32 2 28 1 
11.7423 1 4 27 9 5 8 31 17 23 15 24 7 29 13 25 12 19 11 21 30 26 14 22 6 18 20 16 10 3 32 2 28 1 
11.7423 1 4 27 9 5 8 31 17 23 15 24 7 29 13 25 12 19 11 21 30 26 14 22 6 18 20 16 10 3 32 2 28 1 
11.7423 1 4 27 9 5 8 31 17 23 15 24 7 29 13 25 12 19 11 21 30 26 14 22 6 18 20 16 10 3 32 2 28 1 
11.7423 1 4 27 9 5 8 31 17 23 15 24 7 29 13 25 12 19 11 21 30 26 14 22 6 18 20 16 10 3 32 2 28 1 
11.7423 1 4 27 9 5 8 31 17 23 15 24 7 29 13 25 12 19 11 21 30 26 14 22 6 18 20 16 10 3 32 2 28 1 
11.7423 1 4 27 9 5 8 31 17 23 15 24 7 29 13 25 12 19 11 21 30 26 14 22 6 18 20 16 10 3 32 2 28 1 
11.7799 1 4 27 9 5 8 31 17 23 15 24 7 29 13 25 12 19 11 21 30 22 14 26 32 3 10 6 18 20 16 2 28 1 
11.7799 1 4 27 9 5 8 31 17 23 15 24 7 29 13 25 12 19 11 21 30 22 14 26 32 3 10 6 18 20 16 2 28 1 
11.8118 1 4 27 9 5 8 31 17 23 15 24 7 29 13 25 12 19 11 21 10 3 32 6 18 20 16 2 30 26 14 22 28 1 
11.9678 1 4 27 9 5 8 24 15 23 17 31 7 29 13 25 12 19 11 21 30 22 14 26 10 3 32 6 18 20 16 2 28 1 
11.9896 1 4 27 9 5 8 31 17 23 20 15 24 7 29 13 25 12 19 11 21 30 26 14 22 10 3 32 6 18 16 2 28 1 
12.0868 1 4 27 9 5 16 2 8 31 17 23 15 24 7 29 13 25 12 19 11 21 30 26 14 22 10 3 32 6 18 20 28 1 
12.0868 1 4 27 9 5 16 2 8 31 17 23 15 24 7 29 13 25 12 19 11 21 30 26 14 22 10 3 32 6 18 20 28 1 
12.0868 1 4 27 9 5 16 2 8 31 17 23 15 24 7 29 13 25 12 19 11 21 30 26 14 22 10 3 32 6 18 20 28 1 
12.3127 1 4 27 9 5 8 31 17 23 15 24 7 29 13 25 12 19 11 21 30 32 6 22 10 3 26 14 18 20 16 2 28 1 
12.3127 1 4 27 9 5 8 31 17 23 15 24 7 29 13 25 12 19 11 21 30 32 6 22 10 3 26 14 18 20 16 2 28 1 
12.3127 1 4 27 9 5 8 31 17 23 15 24 7 29 13 25 12 19 11 21 30 32 6 22 10 3 26 14 18 20 16 2 28 1 
12.3982 1 4 27 9 26 14 22 10 3 32 6 18 20 16 2 12 19 11 21 30 5 8 31 17 23 15 24 7 29 13 25 28 1 
12.3982 1 4 27 9 26 14 22 10 3 32 6 18 20 16 2 12 19 11 21 30 5 8 31 17 23 15 24 7 29 13 25 28 1 
12.5432 1 4 27 31 17 23 15 24 7 29 13 25 12 19 11 21 30 26 14 22 10 3 32 6 9 5 8 18 20 16 2 28 1 
12.5432 1 4 27 31 17 23 15 24 7 29 13 25 12 19 11 21 30 26 14 22 10 3 32 6 9 5 8 18 20 16 2 28 1 
12.5432 1 4 27 31 17 23 15 24 7 29 13 25 12 19 11 21 30 26 14 22 10 3 32 6 9 5 8 18 20 16 2 28 1 
12.5961 1 4 27 9 5 21 30 26 14 22 10 7 29 13 25 12 19 11 8 31 17 23 15 24 3 32 6 18 20 16 2 28 1 
12.5961 1 4 27 9 5 21 30 26 14 22 10 7 29 13 25 12 19 11 8 31 17 23 15 24 3 32 6 18 20 16 2 28 1 
12.6394 1 4 27 9 5 8 31 10 3 32 6 18 20 16 2 17 23 15 24 7 29 13 25 12 19 11 21 30 26 14 22 28 1 
12.6532 1 4 27 9 5 8 31 17 23 10 3 32 6 18 20 16 2 15 24 7 29 13 25 12 19 11 21 30 26 14 22 28 1 
12.6952 1 4 27 9 32 6 5 8 31 17 23 15 24 7 29 13 25 12 19 11 21 30 26 14 22 10 3 18 20 16 2 28 1 
12.7325 1 4 12 19 11 21 30 26 14 27 9 5 8 24 15 23 17 31 7 29 13 25 22 10 3 32 6 18 20 16 2 28 1 
12.8423 1 4 27 9 5 8 31 13 25 12 24 7 29 17 23 15 19 11 21 30 26 14 22 10 3 32 6 18 20 16 2 28 1 
12.8423 1 4 27 9 5 8 31 13 25 12 24 7 29 17 23 15 19 11 21 30 26 14 22 10 3 32 6 18 20 16 2 28 1 
12.8423 1 4 27 9 5 8 31 13 25 12 24 7 29 17 23 15 19 11 21 30 26 14 22 10 3 32 6 18 20 16 2 28 1 
12.8423 1 4 27 9 5 8 31 13 25 12 24 7 29 17 23 15 19 11 21 30 26 14 22 10 3 32 6 18 20 16 2 28 1 
12.9379 1 4 27 9 12 19 11 21 30 26 14 22 10 3 32 5 8 31 17 23 15 24 7 29 13 25 6 18 20 16 2 28 1 
13.1589 1 4 32 22 14 26 30 21 11 19 12 25 13 29 7 24 15 23 17 31 8 5 9 27 3 10 6 18 20 16 2 28 1 
13.3514 1 4 27 9 5 8 31 17 23 15 24 7 29 13 26 14 22 10 3 32 6 18 20 16 2 12 19 11 21 30 25 28 1 
13.4126 1 4 27 9 17 8 31 13 25 12 24 7 29 5 23 15 19 11 21 30 26 14 22 10 3 32 6 18 20 16 2 28 1 
13.4126 1 4 27 9 17 8 31 13 25 12 24 7 29 5 23 15 19 11 21 30 26 14 22 10 3 32 6 18 20 16 2 28 1 
13.4639 1 4 27 9 5 8 32 6 31 17 23 15 24 7 29 13 25 12 19 11 21 30 26 14 22 10 3 18 20 16 2 28 1 
13.4674 1 4 27 9 5 8 31 17 23 15 24 7 29 13 25 12 19 11 21 30 32 14 22 10 3 26 6 18 20 16 2 28 1 
13.4674 1 4 27 9 5 8 31 17 23 15 24 7 29 13 25 12 19 11 21 30 32 14 22 10 3 26 6 18 20 16 2 28 1 
13.4674 1 4 27 9 5 8 31 17 23 15 24 7 29 13 25 12 19 11 21 30 32 14 22 10 3 26 6 18 20 16 2 28 1 
13.4674 1 4 27 9 5 8 31 17 23 15 24 7 29 13 25 12 19 11 21 30 32 14 22 10 3 26 6 18 20 16 2 28 1 
13.4674 1 4 27 9 5 8 31 17 23 15 24 7 29 13 25 12 19 11 21 30 32 14 22 10 3 26 6 18 20 16 2 28 1 
13.4674 1 4 27 9 5 8 31 17 23 15 24 7 29 13 25 12 19 11 21 30 32 14 22 10 3 26 6 18 20 16 2 28 1 
13.4735 1 4 27 9 5 8 31 17 23 15 24 7 29 13 25 12 19 11 21 30 26 3 22 6 18 20 16 10 14 32 2 28 1 
13.4783 1 4 27 31 17 23 15 24 7 29 13 25 12 19 11 21 30 26 14 22 32 3 10 6 9 5 8 18 20 16 2 28 1 
13.5476 1 4 6 18 20 16 10 3 32 2 27 9 5 8 31 17 23 15 24 7 29 13 25 12 19 11 21 30 26 14 22 28 1 
13.7465 1 4 31 7 29 13 25 12 19 17 27 9 5 8 24 15 23 11 21 30 26 14 22 10 3 32 6 18 20 16 2 28 1 
13.7972 1 4 31 7 29 13 25 12 19 17 27 9 5 8 24 23 15 11 21 30 26 14 22 10 3 32 6 18 20 16 2 28 1 
13.83 1 4 27 9 5 8 31 17 23 15 24 7 29 13 25 12 19 11 21 2 16 20 18 14 26 3 10 22 6 32 30 28 1 
13.9384 1 4 27 9 5 22 31 17 23 15 24 7 29 13 25 12 19 11 21 30 26 14 8 10 3 32 6 18 20 16 2 28 1 
13.9384 1 4 27 9 5 22 31 17 23 15 24 7 29 13 25 12 19 11 21 30 26 14 8 10 3 32 6 18 20 16 2 28 1 
14.2033 1 4 27 9 26 14 22 6 18 20 16 10 3 32 2 12 19 11 21 30 5 8 31 17 23 15 24 7 29 13 25 28 1 
14.2172 1 4 27 9 5 8 10 3 32 6 18 20 16 2 13 31 17 23 15 24 7 29 25 12 19 11 21 30 26 14 22 28 1 
14.3204 1 4 27 10 5 8 31 17 23 15 24 7 29 13 25 12 19 11 21 30 26 14 32 6 22 9 3 18 20 16 2 28 1 
14.3974 1 4 27 9 5 8 10 3 32 6 18 20 16 2 13 31 17 23 15 24 7 29 25 11 19 12 21 30 26 14 22 28 1 
14.4781 1 4 13 9 5 8 31 17 23 15 24 7 29 27 25 12 19 11 21 30 26 14 22 32 3 10 6 18 20 16 2 28 1 
14.5024 1 4 27 9 26 14 22 6 18 21 30 20 16 10 3 32 2 5 8 31 17 23 15 24 7 29 13 25 12 19 11 28 1 
14.5258 1 4 10 3 32 6 18 20 16 2 27 9 5 8 31 7 29 13 25 12 19 17 24 15 23 11 21 30 26 14 22 28 1 
14.5687 1 4 27 18 9 5 8 31 17 23 15 24 7 29 13 25 12 19 11 21 3 32 14 22 10 30 26 6 20 16 2 28 1 
14.7024 1 4 10 3 32 6 18 20 16 2 27 9 5 8 31 17 23 13 25 12 24 7 15 29 19 11 21 30 26 14 22 28 1 
14.8999 1 4 27 31 13 25 17 23 15 24 7 29 12 19 11 21 30 26 14 22 10 3 32 6 9 5 8 18 20 16 2 28 1 
15.1499 1 4 27 9 12 2 16 20 18 14 26 3 10 22 6 32 21 5 8 31 17 23 15 24 7 29 13 25 19 11 30 28 1 
15.1582 1 4 27 9 32 6 31 17 23 15 24 7 29 13 25 12 19 11 21 30 26 14 22 10 3 5 8 18 20 16 2 28 1 
15.2346 1 4 27 32 5 8 31 17 23 15 24 7 29 13 25 12 19 11 21 30 26 14 22 10 3 9 6 18 20 16 2 28 1 
15.2346 1 4 27 32 5 8 31 17 23 15 24 7 29 13 25 12 19 11 21 30 26 14 22 10 3 9 6 18 20 16 2 28 1 
15.3272 1 4 27 9 5 8 31 13 25 12 24 7 17 29 23 15 19 11 21 30 26 14 22 10 3 32 6 18 20 16 2 28 1 
15.3442 1 4 27 9 5 8 31 13 25 12 24 7 23 15 29 17 19 11 21 30 26 14 22 10 3 32 6 18 20 16 2 28 1 
15.3442 1 4 27 9 5 8 31 13 25 12 24 7 23 15 29 17 19 11 21 30 26 14 22 10 3 32 6 18 20 16 2 28 1 
15.5209 1 4 32 6 20 22 14 27 9 5 21 11 19 26 30 18 8 31 17 23 15 24 7 29 13 25 12 10 3 16 2 28 1 
15.6784 1 4 10 22 14 32 30 21 11 19 12 25 13 29 7 24 15 23 17 31 9 5 8 27 3 26 6 18 20 16 2 28 1 
15.8963 1 4 31 7 29 13 25 12 19 17 27 9 5 8 24 10 3 32 6 18 20 16 2 23 15 11 21 30 26 14 22 28 1 
16.0574 1 4 27 32 5 8 31 17 23 15 24 7 29 13 25 12 19 11 21 30 22 14 26 10 3 9 6 18 20 16 2 28 1 
16.067 1 4 27 9 32 14 22 10 3 26 6 18 20 16 2 12 19 11 21 30 5 8 31 17 23 15 24 7 29 13 25 28 1 
16.0775 1 4 27 8 5 9 31 13 25 12 24 7 23 15 29 17 19 11 21 30 26 14 22 10 3 32 6 18 20 16 2 28 1 
16.5613 1 4 29 8 5 9 31 13 25 12 24 7 27 17 23 15 19 11 21 30 26 14 22 32 3 10 6 18 20 16 2 28 1 
16.8073 1 4 27 9 25 13 31 17 23 15 24 7 29 32 6 20 22 14 26 30 18 21 11 19 12 5 8 3 10 16 2 28 1 
17.9501 1 4 27 31 13 25 12 24 7 23 15 29 17 19 11 21 30 26 14 22 10 3 32 6 9 5 8 18 20 16 2 28 1 
20.5651 1 4 27 9 32 6 31 13 25 12 24 7 23 15 29 17 19 11 21 30 26 14 22 10 3 5 8 18 20 16 2 28 1 
