9.93731 1 4 27 9 5 8 31 17 23 15 24 7 29 13 25 12 19 11 21 30 26 14 22 10 3 32 6 18 20 16 2 28 1 
9.93731 1 4 27 9 5 8 31 17 23 15 24 7 29 13 25 12 19 11 21 30 26 14 22 10 3 32 6 18 20 16 2 28 1 
9.93731 1 4 27 9 5 8 31 17 23 15 24 7 29 13 25 12 19 11 21 30 26 14 22 10 3 32 6 18 20 16 2 28 1 
9.93731 1 4 27 9 5 8 31 17 23 15 24 7 29 13 25 12 19 11 21 30 26 14 22 10 3 32 6 18 20 16 2 28 1 
9.93731 1 4 27 9 5 8 31 17 23 15 24 7 29 13 25 12 19 11 21 30 26 14 22 10 3 32 6 18 20 16 2 28 1 
9.93731 1 4 27 9 5 8 31 17 23 15 24 7 29 13 25 12 19 11 21 30 26 14 22 10 3 32 6 18 20 16 2 28 1 
9.93731 1 4 27 9 5 8 31 17 23 15 24 7 29 13 25 12 19 11 21 30 26 14 22 10 3 32 6 18 20 16 2 28 1 
9.93731 1 4 27 9 5 8 31 17 23 15 24 7 29 13 25 12 19 11 21 30 26 14 22 10 3 32 6 18 20 16 2 28 1 
9.93731 1 4 27 9 5 8 31 17 23 15 24 7 29 13 25 12 19 11 21 30 26 14 22 10 3 32 6 18 20 16 2 28 1 
9.93731 1 4 27 9 5 8 31 17 23 15 24 7 29 13 25 12 19 11 21 30 26 14 22 10 3 32 6 18 20 16 2 28 1 
9.93731 1 4 27 9 5 8 31 17 23 15 24 7 29 13 25 12 19 11 21 30 26 14 22 10 3 32 6 18 20 16 2 28 1 
9.93731 1 4 27 9 5 8 31 17 23 15 24 7 29 13 25 12 19 11 21 30 26 14 22 10 3 32 6 18 20 16 2 28 1 
9.93731 1 4 27 9 5 8 31 17 23 15 24 7 29 13 25 12 19 11 21 30 26 14 22 10 3 32 6 18 20 16 2 28 1 
9.93731 1 4 27 9 5 8 31 17 23 15 24 7 29 13 25 12 19 11 21 30 26 14 22 10 3 32 6 18 20 16 2 28 1 
9.93731 1 4 27 9 5 8 31 17 23 15 24 7 29 13 25 12 19 11 21 30 26 14 22 10 3 32 6 18 20 16 2 28 1 
9.93731 1 4 27 9 5 8 31 17 23 15 24 7 29 13 25 12 19 11 21 30 26 14 22 10 3 32 6 18 20 16 2 28 1 
9.93731 1 4 27 9 5 8 31 17 23 15 24 7 29 13 25 12 19 11 21 30 26 14 22 10 3 32 6 18 20 16 2 28 1 
9.93731 1 4 27 9 5 8 31 17 23 15 24 7 29 13 25 12 19 11 21 30 26 14 22 10 3 32 6 18 20 16 2 28 1 
9.93731 1 4 27 9 5 8 31 17 23 15 24 7 29 13 25 12 19 11 21 30 26 14 22 10 3 32 6 18 20 16 2 28 1 
9.93731 1 4 27 9 5 8 31 17 23 15 24 7 29 13 25 12 19 11 21 30 26 14 22 10 3 32 6 18 20 16 2 28 1 
9.93731 1 4 27 9 5 8 31 17 23 15 24 7 29 13 25 12 19 11 21 30 26 14 22 10 3 32 6 18 20 16 2 28 1 
9.93731 1 4 27 9 5 8 31 17 23 15 24 7 29 13 25 12 19 11 21 30 26 14 22 10 3 32 6 18 20 16 2 28 1 
9.93731 1 4 27 9 5 8 31 17 23 15 24 7 29 13 25 12 19 11 21 30 26 14 22 10 3 32 6 18 20 16 2 28 1 
9.93731 1 4 27 9 5 8 31 17 23 15 24 7 29 13 25 12 19 11 21 30 26 14 22 10 3 32 6 18 20 16 2 28 1 
9.93731 1 4 27 9 5 8 31 17 23 15 24 7 29 13 25 12 19 11 21 30 26 14 22 10 3 32 6 18 20 16 2 28 1 
9.93731 1 4 27 9 5 8 31 17 23 15 24 7 29 13 25 12 19 11 21 30 26 14 22 10 3 32 6 18 20 16 2 28 1 
9.93731 1 4 27 9 5 8 31 17 23 15 24 7 29 13 25 12 19 11 21 30 26 14 22 10 3 32 6 18 20 16 2 28 1 
9.93731 1 4 27 9 5 8 31 17 23 15 24 7 29 13 25 12 19 11 21 30 26 14 22 10 3 32 6 18 20 16 2 28 1 
9.93731 1 4 27 9 5 8 31 17 23 15 24 7 29 13 25 12 19 11 21 30 26 14 22 10 3 32 6 18 20 16 2 28 1 
9.93731 1 4 27 9 5 8 31 17 23 15 24 7 29 13 25 12 19 11 21 30 26 14 22 10 3 32 6 18 20 16 2 28 1 
9.93731 1 4 27 9 5 8 31 17 23 15 24 7 29 13 25 12 19 11 21 30 26 14 22 10 3 32 6 18 20 16 2 28 1 
9.93731 1 4 27 9 5 8 31 17 23 15 24 7 29 13 25 12 19 11 21 30 26 14 22 10 3 32 6 18 20 16 2 28 1 
9.93731 1 4 27 9 5 8 31 17 23 15 24 7 29 13 25 12 19 11 21 30 26 14 22 10 3 32 6 18 20 16 2 28 1 
9.93731 1 4 27 9 5 8 31 17 23 15 24 7 29 13 25 12 19 11 21 30 26 14 22 10 3 32 6 18 20 16 2 28 1 
9.93731 1 4 27 9 5 8 31 17 23 15 24 7 29 13 25 12 19 11 21 30 26 14 22 10 3 32 6 18 20 16 2 28 1 
9.93731 1 4 27 9 5 8 31 17 23 15 24 7 29 13 25 12 19 11 21 30 26 14 22 10 3 32 6 18 20 16 2 28 1 
9.93731 1 4 27 9 5 8 31 17 23 15 24 7 29 13 25 12 19 11 21 30 26 14 22 10 3 32 6 18 20 16 2 28 1 
9.93731 1 4 27 9 5 8 31 17 23 15 24 7 29 13 25 12 19 11 21 30 26 14 22 10 3 32 6 18 20 16 2 28 1 
9.93731 1 4 27 9 5 8 31 17 23 15 24 7 29 13 25 12 19 11 21 30 26 14 22 10 3 32 6 18 20 16 2 28 1 
9.93731 1 4 27 9 5 8 31 17 23 15 24 7 29 13 25 12 19 11 21 30 26 14 22 10 3 32 6 18 20 16 2 28 1 
9.93731 1 4 27 9 5 8 31 17 23 15 24 7 29 13 25 12 19 11 21 30 26 14 22 10 3 32 6 18 20 16 2 28 1 
9.93731 1 4 27 9 5 8 31 17 23 15 24 7 29 13 25 12 19 11 21 30 26 14 22 10 3 32 6 18 20 16 2 28 1 
9.93731 1 4 27 9 5 8 31 17 23 15 24 7 29 13 25 12 19 11 21 30 26 14 22 10 3 32 6 18 20 16 2 28 1 
9.93731 1 4 27 9 5 8 31 17 23 15 24 7 29 13 25 12 19 11 21 30 26 14 22 10 3 32 6 18 20 16 2 28 1 
9.93731 1 4 27 9 5 8 31 17 23 15 24 7 29 13 25 12 19 11 21 30 26 14 22 10 3 32 6 18 20 16 2 28 1 
9.93731 1 4 27 9 5 8 31 17 23 15 24 7 29 13 25 12 19 11 21 30 26 14 22 10 3 32 6 18 20 16 2 28 1 
9.93731 1 4 27 9 5 8 31 17 23 15 24 7 29 13 25 12 19 11 21 30 26 14 22 10 3 32 6 18 20 16 2 28 1 
9.93731 1 4 27 9 5 8 31 17 23 15 24 7 29 13 25 12 19 11 21 30 26 14 22 10 3 32 6 18 20 16 2 28 1 
9.93731 1 4 27 9 5 8 31 17 23 15 24 7 29 13 25 12 19 11 21 30 26 14 22 10 3 32 6 18 20 16 2 28 1 
9.93731 1 4 27 9 5 8 31 17 23 15 24 7 29 13 25 12 19 11 21 30 26 14 22 10 3 32 6 18 20 16 2 28 1 
9.93731 1 4 27 9 5 8 31 17 23 15 24 7 29 13 25 12 19 11 21 30 26 14 22 10 3 32 6 18 20 16 2 28 1 
9.93731 1 4 27 9 5 8 31 17 23 15 24 7 29 13 25 12 19 11 21 30 26 14 22 10 3 32 6 18 20 16 2 28 1 
9.93731 1 4 27 9 5 8 31 17 23 15 24 7 29 13 25 12 19 11 21 30 26 14 22 10 3 32 6 18 20 16 2 28 1 
9.93731 1 4 27 9 5 8 31 17 23 15 24 7 29 13 25 12 19 11 21 30 26 14 22 10 3 32 6 18 20 16 2 28 1 
9.93731 1 4 27 9 5 8 31 17 23 15 24 7 29 13 25 12 19 11 21 30 26 14 22 10 3 32 6 18 20 16 2 28 1 
9.93731 1 4 27 9 5 8 31 17 23 15 24 7 29 13 25 12 19 11 21 30 26 14 22 10 3 32 6 18 20 16 2 28 1 
9.93731 1 4 27 9 5 8 31 17 23 15 24 7 29 13 25 12 19 11 21 30 26 14 22 10 3 32 6 18 20 16 2 28 1 
9.93731 1 4 27 9 5 8 31 17 23 15 24 7 29 13 25 12 19 11 21 30 26 14 22 10 3 32 6 18 20 16 2 28 1 
9.93731 1 4 27 9 5 8 31 17 23 15 24 7 29 13 25 12 19 11 21 30 26 14 22 10 3 32 6 18 20 16 2 28 1 
9.93731 1 4 27 9 5 8 31 17 23 15 24 7 29 13 25 12 19 11 21 30 26 14 22 10 3 32 6 18 20 16 2 28 1 
9.93731 1 4 27 9 5 8 31 17 23 15 24 7 29 13 25 12 19 11 21 30 26 14 22 10 3 32 6 18 20 16 2 28 1 
9.93731 1 4 27 9 5 8 31 17 23 15 24 7 29 13 25 12 19 11 21 30 26 14 22 10 3 32 6 18 20 16 2 28 1 
9.93731 1 4 27 9 5 8 31 17 23 15 24 7 29 13 25 12 19 11 21 30 26 14 22 10 3 32 6 18 20 16 2 28 1 
9.93731 1 4 27 9 5 8 31 17 23 15 24 7 29 13 25 12 19 11 21 30 26 14 22 10 3 32 6 18 20 16 2 28 1 
9.93731 1 4 27 9 5 8 31 17 23 15 24 7 29 13 25 12 19 11 21 30 26 14 22 10 3 32 6 18 20 16 2 28 1 
9.93731 1 4 27 9 5 8 31 17 23 15 24 7 29 13 25 12 19 11 21 30 26 14 22 10 3 32 6 18 20 16 2 28 1 
9.93731 1 4 27 9 5 8 31 17 23 15 24 7 29 13 25 12 19 11 21 30 26 14 22 10 3 32 6 18 20 16 2 28 1 
9.93731 1 4 27 9 5 8 31 17 23 15 24 7 29 13 25 12 19 11 21 30 26 14 22 10 3 32 6 18 20 16 2 28 1 
9.93731 1 4 27 9 5 8 31 17 23 15 24 7 29 13 25 12 19 11 21 30 26 14 22 10 3 32 6 18 20 16 2 28 1 
9.93731 1 4 27 9 5 8 31 17 23 15 24 7 29 13 25 12 19 11 21 30 26 14 22 10 3 32 6 18 20 16 2 28 1 
9.93731 1 4 27 9 5 8 31 17 23 15 24 7 29 13 25 12 19 11 21 30 26 14 22 10 3 32 6 18 20 16 2 28 1 
9.93731 1 4 27 9 5 8 31 17 23 15 24 7 29 13 25 12 19 11 21 30 26 14 22 10 3 32 6 18 20 16 2 28 1 
9.93731 1 4 27 9 5 8 31 17 23 15 24 7 29 13 25 12 19 11 21 30 26 14 22 10 3 32 6 18 20 16 2 28 1 
9.93731 1 4 27 9 5 8 31 17 23 15 24 7 29 13 25 12 19 11 21 30 26 14 22 10 3 32 6 18 20 16 2 28 1 
9.93731 1 4 27 9 5 8 31 17 23 15 24 7 29 13 25 12 19 11 21 30 26 14 22 10 3 32 6 18 20 16 2 28 1 
9.93731 1 4 27 9 5 8 31 17 23 15 24 7 29 13 25 12 19 11 21 30 26 14 22 10 3 32 6 18 20 16 2 28 1 
9.93731 1 4 27 9 5 8 31 17 23 15 24 7 29 13 25 12 19 11 21 30 26 14 22 10 3 32 6 18 20 16 2 28 1 
9.93731 1 4 27 9 5 8 31 17 23 15 24 7 29 13 25 12 19 11 21 30 26 14 22 10 3 32 6 18 20 16 2 28 1 
9.93731 1 4 27 9 5 8 31 17 23 15 24 7 29 13 25 12 19 11 21 30 26 14 22 10 3 32 6 18 20 16 2 28 1 
9.93731 1 4 27 9 5 8 31 17 23 15 24 7 29 13 25 12 19 11 21 30 26 14 22 10 3 32 6 18 20 16 2 28 1 
9.93731 1 4 27 9 5 8 31 17 23 15 24 7 29 13 25 12 19 11 21 30 26 14 22 10 3 32 6 18 20 16 2 28 1 
9.93731 1 4 27 9 5 8 31 17 23 15 24 7 29 13 25 12 19 11 21 30 26 14 22 10 3 32 6 18 20 16 2 28 1 
9.93731 1 4 27 9 5 8 31 17 23 15 24 7 29 13 25 12 19 11 21 30 26 14 22 10 3 32 6 18 20 16 2 28 1 
9.93731 1 4 27 9 5 8 31 17 23 15 24 7 29 13 25 12 19 11 21 30 26 14 22 10 3 32 6 18 20 16 2 28 1 
9.93731 1 4 27 9 5 8 31 17 23 15 24 7 29 13 25 12 19 11 21 30 26 14 22 10 3 32 6 18 20 16 2 28 1 
9.93731 1 4 27 9 5 8 31 17 23 15 24 7 29 13 25 12 19 11 21 30 26 14 22 10 3 32 6 18 20 16 2 28 1 
9.93731 1 4 27 9 5 8 31 17 23 15 24 7 29 13 25 12 19 11 21 30 26 14 22 10 3 32 6 18 20 16 2 28 1 
9.93731 1 4 27 9 5 8 31 17 23 15 24 7 29 13 25 12 19 11 21 30 26 14 22 10 3 32 6 18 20 16 2 28 1 
9.93731 1 4 27 9 5 8 31 17 23 15 24 7 29 13 25 12 19 11 21 30 26 14 22 10 3 32 6 18 20 16 2 28 1 
9.93731 1 4 27 9 5 8 31 17 23 15 24 7 29 13 25 12 19 11 21 30 26 14 22 10 3 32 6 18 20 16 2 28 1 
10.4961 1 4 27 9 5 8 31 17 23 15 24 7 29 13 25 12 19 11 21 30 14 26 22 10 3 32 6 18 20 16 2 28 1 
10.695 1 4 27 9 5 8 31 17 23 15 11 7 29 13 25 12 19 24 21 30 26 14 22 10 3 32 6 18 20 16 2 28 1 
10.695 1 4 27 9 5 8 31 17 23 15 11 7 29 13 25 12 19 24 21 30 26 14 22 10 3 32 6 18 20 16 2 28 1 
10.695 1 4 27 9 5 8 31 17 23 15 11 7 29 13 25 12 19 24 21 30 26 14 22 10 3 32 6 18 20 16 2 28 1 
10.695 1 4 27 9 5 8 31 17 23 15 11 7 29 13 25 12 19 24 21 30 26 14 22 10 3 32 6 18 20 16 2 28 1 
10.695 1 4 27 9 5 8 31 17 23 15 11 7 29 13 25 12 19 24 21 30 26 14 22 10 3 32 6 18 20 16 2 28 1 
11.1112 1 4 27 9 5 8 31 17 23 15 7 24 29 13 25 12 19 11 21 30 26 14 22 10 3 32 6 18 20 16 2 28 1 
11.1112 1 4 27 9 5 8 31 17 23 15 7 24 29 13 25 12 19 11 21 30 26 14 22 10 3 32 6 18 20 16 2 28 1 
11.1112 1 4 27 9 5 8 31 17 23 15 7 24 29 13 25 12 19 11 21 30 26 14 22 10 3 32 6 18 20 16 2 28 1 
11.1112 1 4 27 9 5 8 31 17 23 15 7 24 29 13 25 12 19 11 21 30 26 14 22 10 3 32 6 18 20 16 2 28 1 
11.1112 1 4 27 9 5 8 31 17 23 15 7 24 29 13 25 12 19 11 21 30 26 14 22 10 3 32 6 18 20 16 2 28 1 
11.1112 1 4 27 9 5 8 31 17 23 15 7 24 29 13 25 12 19 11 21 30 26 14 22 10 3 32 6 18 20 16 2 28 1 
11.1112 1 4 27 9 5 8 31 17 23 15 7 24 29 13 25 12 19 11 21 30 26 14 22 10 3 32 6 18 20 16 2 28 1 
11.1112 1 4 27 9 5 8 31 17 23 15 7 24 29 13 25 12 19 11 21 30 26 14 22 10 3 32 6 18 20 16 2 28 1 
11.1112 1 4 27 9 5 8 31 17 23 15 7 24 29 13 25 12 19 11 21 30 26 14 22 10 3 32 6 18 20 16 2 28 1 
11.1112 1 4 27 9 5 8 31 17 23 15 7 24 29 13 25 12 19 11 21 30 26 14 22 10 3 32 6 18 20 16 2 28 1 
11.1112 1 4 27 9 5 8 31 17 23 15 7 24 29 13 25 12 19 11 21 30 26 14 22 10 3 32 6 18 20 16 2 28 1 
11.1997 1 4 27 9 5 8 31 17 23 15 7 11 29 13 25 12 19 24 21 30 26 14 22 10 3 32 6 18 20 16 2 28 1 
11.285 1 4 27 9 5 8 31 17 23 15 24 7 29 13 25 12 30 26 14 19 11 21 22 10 3 32 6 18 20 16 2 28 1 
11.3082 1 4 27 9 5 8 31 17 23 15 29 13 25 12 24 7 19 11 21 30 26 14 22 10 3 32 6 18 20 16 2 28 1 
11.3082 1 4 27 9 5 8 31 17 23 15 29 13 25 12 24 7 19 11 21 30 26 14 22 10 3 32 6 18 20 16 2 28 1 
11.3082 1 4 27 9 5 8 31 17 23 15 29 13 25 12 24 7 19 11 21 30 26 14 22 10 3 32 6 18 20 16 2 28 1 
11.4274 1 4 27 9 5 8 31 17 23 15 24 7 29 13 25 12 19 22 10 3 32 6 11 21 30 26 14 18 20 16 2 28 1 
11.4405 1 4 27 11 9 5 8 31 17 23 15 7 29 13 25 12 19 24 21 30 26 14 22 10 3 32 6 18 20 16 2 28 1 
11.67 1 4 27 9 5 8 31 17 23 15 7 24 29 13 25 12 19 11 21 30 14 26 22 10 3 32 6 18 20 16 2 28 1 
11.7621 1 4 27 9 5 14 26 30 21 11 19 12 25 13 29 7 24 15 23 17 31 8 22 10 3 32 6 18 20 16 2 28 1 
11.7621 1 4 27 9 5 14 26 30 21 11 19 12 25 13 29 7 24 15 23 17 31 8 22 10 3 32 6 18 20 16 2 28 1 
11.7621 1 4 27 9 5 14 26 30 21 11 19 12 25 13 29 7 24 15 23 17 31 8 22 10 3 32 6 18 20 16 2 28 1 
11.7624 1 4 27 9 5 14 8 31 17 23 15 24 7 29 13 25 12 19 11 21 30 26 22 10 3 32 6 18 20 16 2 28 1 
11.8721 1 4 29 13 25 12 19 11 21 27 9 5 8 31 17 23 15 24 7 30 26 14 22 10 3 32 6 18 20 16 2 28 1 
11.8721 1 4 29 13 25 12 19 11 21 27 9 5 8 31 17 23 15 24 7 30 26 14 22 10 3 32 6 18 20 16 2 28 1 
11.8721 1 4 29 13 25 12 19 11 21 27 9 5 8 31 17 23 15 24 7 30 26 14 22 10 3 32 6 18 20 16 2 28 1 
11.8721 1 4 29 13 25 12 19 11 21 27 9 5 8 31 17 23 15 24 7 30 26 14 22 10 3 32 6 18 20 16 2 28 1 
11.8721 1 4 29 13 25 12 19 11 21 27 9 5 8 31 17 23 15 24 7 30 26 14 22 10 3 32 6 18 20 16 2 28 1 
11.8721 1 4 29 13 25 12 19 11 21 27 9 5 8 31 17 23 15 24 7 30 26 14 22 10 3 32 6 18 20 16 2 28 1 
11.8721 1 4 29 13 25 12 19 11 21 27 9 5 8 31 17 23 15 24 7 30 26 14 22 10 3 32 6 18 20 16 2 28 1 
11.887 1 4 27 9 5 8 31 17 23 15 24 7 29 13 25 12 19 11 21 30 3 10 22 14 26 32 6 18 20 16 2 28 1 
11.911 1 4 27 9 5 14 26 30 21 8 17 31 23 15 24 7 29 13 25 12 19 11 22 10 3 32 6 18 20 16 2 28 1 
11.9286 1 4 27 29 13 25 12 19 11 21 9 5 8 31 17 23 15 24 7 30 26 14 22 10 3 32 6 18 20 16 2 28 1 
11.9291 1 4 7 24 15 23 17 31 8 5 9 27 29 13 25 12 19 11 21 30 26 14 22 10 3 32 6 18 20 16 2 28 1 
11.9291 1 4 7 24 15 23 17 31 8 5 9 27 29 13 25 12 19 11 21 30 26 14 22 10 3 32 6 18 20 16 2 28 1 
11.9291 1 4 7 24 15 23 17 31 8 5 9 27 29 13 25 12 19 11 21 30 26 14 22 10 3 32 6 18 20 16 2 28 1 
11.9291 1 4 7 24 15 23 17 31 8 5 9 27 29 13 25 12 19 11 21 30 26 14 22 10 3 32 6 18 20 16 2 28 1 
11.9357 1 4 27 9 5 8 31 17 23 29 13 25 12 19 11 21 15 24 7 30 26 14 22 10 3 32 6 18 20 16 2 28 1 
11.9765 1 4 29 27 9 5 8 31 17 23 15 24 7 13 25 12 19 11 21 30 26 14 22 10 3 32 6 18 20 16 2 28 1 
12.0018 1 4 27 9 5 26 31 17 23 15 24 7 29 13 25 12 19 11 21 30 8 14 22 10 3 32 6 18 20 16 2 28 1 
12.0018 1 4 27 9 5 26 31 17 23 15 24 7 29 13 25 12 19 11 21 30 8 14 22 10 3 32 6 18 20 16 2 28 1 
12.0289 1 4 27 9 5 8 31 17 23 14 30 26 21 11 19 12 25 13 29 7 24 15 22 10 3 32 6 18 20 16 2 28 1 
12.0702 1 4 24 9 5 8 31 17 23 15 27 7 29 13 25 12 19 11 21 30 26 14 22 10 3 32 6 18 20 16 2 28 1 
12.0702 1 4 24 9 5 8 31 17 23 15 27 7 29 13 25 12 19 11 21 30 26 14 22 10 3 32 6 18 20 16 2 28 1 
12.0702 1 4 24 9 5 8 31 17 23 15 27 7 29 13 25 12 19 11 21 30 26 14 22 10 3 32 6 18 20 16 2 28 1 
12.0702 1 4 24 9 5 8 31 17 23 15 27 7 29 13 25 12 19 11 21 30 26 14 22 10 3 32 6 18 20 16 2 28 1 
12.152 1 4 11 9 5 8 31 17 23 15 27 7 29 13 25 12 19 24 21 30 26 14 22 10 3 32 6 18 20 16 2 28 1 
12.2067 1 4 27 9 5 17 31 14 26 30 21 11 19 12 25 13 29 7 24 15 23 8 22 10 3 32 6 18 20 16 2 28 1 
12.2781 1 4 23 15 24 7 29 13 25 12 5 8 31 17 27 9 19 11 21 30 26 14 22 10 3 32 6 18 20 16 2 28 1 
12.2781 1 4 23 15 24 7 29 13 25 12 5 8 31 17 27 9 19 11 21 30 26 14 22 10 3 32 6 18 20 16 2 28 1 
12.2781 1 4 23 15 24 7 29 13 25 12 5 8 31 17 27 9 19 11 21 30 26 14 22 10 3 32 6 18 20 16 2 28 1 
12.2781 1 4 23 15 24 7 29 13 25 12 5 8 31 17 27 9 19 11 21 30 26 14 22 10 3 32 6 18 20 16 2 28 1 
12.2945 1 4 15 24 8 5 27 9 31 17 23 7 29 13 25 12 19 11 21 30 14 26 22 10 3 32 6 18 20 16 2 28 1 
12.4623 1 4 27 9 5 8 31 23 15 24 29 13 25 12 7 17 19 11 21 30 26 14 22 10 3 32 6 18 20 16 2 28 1 
12.5141 1 4 27 9 5 17 23 26 14 30 15 24 7 29 13 25 12 19 11 21 8 31 22 10 3 32 6 18 20 16 2 28 1 
12.575 1 4 23 15 17 31 8 5 12 25 13 29 7 24 27 9 19 11 21 30 26 14 22 10 3 32 6 18 20 16 2 28 1 
12.6859 1 4 27 9 5 23 15 24 7 29 13 25 12 8 31 17 30 26 14 19 11 21 22 10 3 32 6 18 20 16 2 28 1 
12.7043 1 4 27 9 29 13 25 12 19 11 24 5 8 31 17 23 15 21 7 30 26 14 22 10 3 32 6 18 20 16 2 28 1 
12.7591 1 4 27 9 24 31 17 8 23 15 7 29 13 25 12 5 19 11 21 30 26 14 22 10 3 32 6 18 20 16 2 28 1 
12.7595 1 4 27 9 5 26 31 17 23 15 11 7 29 13 25 12 19 24 21 30 8 14 22 10 3 32 6 18 20 16 2 28 1 
12.8398 1 4 11 27 9 5 21 30 26 14 19 12 25 13 29 7 24 15 23 17 31 8 22 10 3 32 6 18 20 16 2 28 1 
12.8419 1 4 15 24 7 29 13 17 23 27 9 5 8 31 25 12 19 11 21 30 26 14 22 10 3 32 6 18 20 16 2 28 1 
12.8887 1 4 27 9 5 17 31 8 21 11 19 12 25 13 29 7 24 15 30 14 26 23 22 10 3 32 6 18 20 16 2 28 1 
12.936 1 4 27 9 5 14 26 30 21 11 19 12 25 13 29 24 7 15 23 17 31 8 22 10 3 32 6 18 20 16 2 28 1 
12.9386 1 4 27 9 8 31 17 23 15 29 13 25 12 24 7 5 19 11 21 30 26 14 22 10 3 32 6 18 20 16 2 28 1 
12.9607 1 4 27 9 5 23 26 14 30 15 24 7 29 13 25 12 19 11 21 8 31 17 22 10 3 32 6 18 20 16 2 28 1 
13.0609 1 4 27 9 5 8 31 17 23 15 7 24 29 13 25 12 19 11 21 30 3 10 22 14 26 32 6 18 20 16 2 28 1 
13.116 1 4 27 9 5 8 31 17 23 15 25 7 29 20 16 21 13 24 12 19 11 30 26 14 22 10 3 32 6 18 2 28 1 
13.3176 1 4 27 9 5 8 7 17 23 15 24 31 29 13 25 12 19 11 21 30 26 14 22 10 3 32 6 18 20 16 2 28 1 
13.3176 1 4 27 9 5 8 7 17 23 15 24 31 29 13 25 12 19 11 21 30 26 14 22 10 3 32 6 18 20 16 2 28 1 
13.3935 1 4 27 9 5 26 31 17 23 15 24 7 29 13 25 12 19 11 21 30 8 14 22 10 3 32 20 16 6 18 2 28 1 
13.5661 1 4 15 24 5 9 27 31 17 23 7 29 13 25 8 12 19 11 21 30 26 14 22 10 3 32 6 18 20 16 2 28 1 
13.6033 1 4 27 9 5 17 31 14 26 30 21 11 19 12 25 13 29 7 24 15 23 8 6 18 22 10 3 32 20 16 2 28 1 
13.6033 1 4 27 9 5 17 31 14 26 30 21 11 19 12 25 13 29 7 24 15 23 8 6 18 22 10 3 32 20 16 2 28 1 
13.7776 1 4 3 32 27 9 5 8 31 17 23 15 29 13 25 12 24 7 19 11 21 30 26 14 22 10 6 18 20 16 2 28 1 
13.7826 1 4 27 9 29 26 14 15 24 8 5 31 17 23 7 13 25 12 19 11 21 30 22 10 3 32 6 18 20 16 2 28 1 
13.8053 1 4 27 9 5 8 7 17 23 15 24 31 14 26 30 21 11 19 12 25 13 29 22 10 3 32 6 18 20 16 2 28 1 
13.9687 1 4 29 13 25 12 19 11 21 27 9 5 8 31 17 23 15 24 7 30 32 6 26 14 22 10 3 18 20 16 2 28 1 
13.9687 1 4 29 13 25 12 19 11 21 27 9 5 8 31 17 23 15 24 7 30 32 6 26 14 22 10 3 18 20 16 2 28 1 
14.241 1 4 29 13 25 12 27 30 26 14 31 17 23 15 24 7 19 11 21 9 5 8 22 10 3 32 6 18 20 16 2 28 1 
14.2947 1 4 30 15 24 7 29 13 25 12 5 23 26 14 27 9 19 11 21 8 31 17 22 10 3 32 6 18 20 16 2 28 1 
14.3583 1 4 23 15 24 5 29 27 9 8 31 17 7 13 25 12 19 11 21 30 26 14 22 10 3 32 6 18 20 16 2 28 1 
14.363 1 4 3 23 27 9 5 8 31 17 15 24 7 29 13 25 12 26 30 21 11 19 14 22 10 32 6 18 20 16 2 28 1 
14.4016 1 4 15 24 5 9 27 31 17 23 13 25 8 12 7 29 19 11 21 30 26 14 22 10 3 32 6 18 20 16 2 28 1 
14.405 1 4 29 13 25 14 26 30 7 24 17 31 8 5 15 23 9 27 12 19 11 21 22 10 3 32 6 18 20 16 2 28 1 
14.405 1 4 29 13 25 14 26 30 7 24 17 31 8 5 15 23 9 27 12 19 11 21 22 10 3 32 6 18 20 16 2 28 1 
14.405 1 4 29 13 25 14 26 30 7 24 17 31 8 5 15 23 9 27 12 19 11 21 22 10 3 32 6 18 20 16 2 28 1 
14.5256 1 4 23 15 26 14 30 24 7 29 5 8 31 17 27 9 13 25 12 19 11 21 22 10 3 32 6 18 20 16 2 28 1 
14.5286 1 4 30 15 8 31 17 24 7 29 5 23 26 14 27 9 13 25 12 19 11 21 22 10 3 32 6 18 20 16 2 28 1 
14.5945 1 4 29 13 23 15 24 7 25 12 19 11 21 30 26 14 22 10 27 9 5 8 31 17 3 32 6 18 20 16 2 28 1 
14.7604 1 4 15 24 5 9 27 31 17 23 21 29 13 25 8 12 19 11 7 30 26 14 22 10 3 32 6 18 20 16 2 28 1 
15.0032 1 4 27 9 5 8 31 22 10 3 7 24 29 13 25 12 19 11 21 30 26 14 17 23 15 32 6 18 20 16 2 28 1 
15.0307 1 4 29 13 27 10 5 8 31 17 23 15 24 7 25 12 19 11 21 30 26 14 22 9 3 32 6 18 20 16 2 28 1 
15.1123 1 4 27 9 5 8 31 22 10 3 24 7 29 13 25 12 19 14 26 30 21 11 17 23 15 32 6 18 20 16 2 28 1 
15.1325 1 4 27 9 5 13 25 22 10 3 19 12 8 31 17 23 15 24 7 29 14 26 30 21 11 32 6 18 20 16 2 28 1 
15.1444 1 4 27 9 13 29 7 24 15 23 3 25 12 5 8 31 17 19 11 21 30 26 14 22 10 32 6 18 20 16 2 28 1 
15.3979 1 4 23 15 24 26 14 22 10 3 17 7 29 13 25 12 19 11 21 30 27 9 5 8 31 32 6 18 20 16 2 28 1 
15.4058 1 4 25 9 5 8 31 17 23 15 27 7 29 20 16 21 13 24 12 19 11 30 26 14 22 10 3 32 6 18 2 28 1 
16.2019 1 4 27 9 5 30 32 6 26 12 19 11 21 31 17 23 15 24 7 8 29 13 25 14 22 10 3 18 20 16 2 28 1 
16.2472 1 4 24 9 5 26 14 22 10 3 15 7 29 13 25 12 19 11 21 30 8 31 17 27 23 32 6 18 20 16 2 28 1 
16.5906 1 4 3 32 15 24 5 9 27 31 17 23 13 25 8 12 7 29 19 11 21 30 26 14 22 10 6 18 20 16 2 28 1 
16.5999 1 4 27 9 29 13 25 10 19 11 21 5 8 31 17 23 15 22 12 3 32 6 24 7 30 26 14 18 20 16 2 28 1 
16.7104 1 4 15 24 8 5 27 9 29 26 14 22 10 3 21 31 17 23 7 30 13 25 12 19 11 32 6 18 20 16 2 28 1 
17.113 1 4 27 9 5 8 31 10 23 15 29 13 25 12 24 7 30 19 11 21 26 14 22 17 3 32 6 18 20 16 2 28 1 
