9.90335 1 2 16 20 18 6 32 3 10 22 14 26 4 27 9 30 21 11 19 12 25 13 29 7 24 15 23 17 31 8 5 28 1 
9.90335 1 2 16 20 18 6 32 3 10 22 14 26 4 27 9 30 21 11 19 12 25 13 29 7 24 15 23 17 31 8 5 28 1 
9.90335 1 2 16 20 18 6 32 3 10 22 14 26 4 27 9 30 21 11 19 12 25 13 29 7 24 15 23 17 31 8 5 28 1 
9.90335 1 2 16 20 18 6 32 3 10 22 14 26 4 27 9 30 21 11 19 12 25 13 29 7 24 15 23 17 31 8 5 28 1 
9.90335 1 2 16 20 18 6 32 3 10 22 14 26 4 27 9 30 21 11 19 12 25 13 29 7 24 15 23 17 31 8 5 28 1 
9.90335 1 2 16 20 18 6 32 3 10 22 14 26 4 27 9 30 21 11 19 12 25 13 29 7 24 15 23 17 31 8 5 28 1 
9.90335 1 2 16 20 18 6 32 3 10 22 14 26 4 27 9 30 21 11 19 12 25 13 29 7 24 15 23 17 31 8 5 28 1 
9.90335 1 2 16 20 18 6 32 3 10 22 14 26 4 27 9 30 21 11 19 12 25 13 29 7 24 15 23 17 31 8 5 28 1 
9.90335 1 2 16 20 18 6 32 3 10 22 14 26 4 27 9 30 21 11 19 12 25 13 29 7 24 15 23 17 31 8 5 28 1 
9.90335 1 2 16 20 18 6 32 3 10 22 14 26 4 27 9 30 21 11 19 12 25 13 29 7 24 15 23 17 31 8 5 28 1 
9.90335 1 2 16 20 18 6 32 3 10 22 14 26 4 27 9 30 21 11 19 12 25 13 29 7 24 15 23 17 31 8 5 28 1 
9.90335 1 2 16 20 18 6 32 3 10 22 14 26 4 27 9 30 21 11 19 12 25 13 29 7 24 15 23 17 31 8 5 28 1 
9.90335 1 2 16 20 18 6 32 3 10 22 14 26 4 27 9 30 21 11 19 12 25 13 29 7 24 15 23 17 31 8 5 28 1 
9.90335 1 2 16 20 18 6 32 3 10 22 14 26 4 27 9 30 21 11 19 12 25 13 29 7 24 15 23 17 31 8 5 28 1 
9.90335 1 2 16 20 18 6 32 3 10 22 14 26 4 27 9 30 21 11 19 12 25 13 29 7 24 15 23 17 31 8 5 28 1 
9.90335 1 2 16 20 18 6 32 3 10 22 14 26 4 27 9 30 21 11 19 12 25 13 29 7 24 15 23 17 31 8 5 28 1 
9.90335 1 2 16 20 18 6 32 3 10 22 14 26 4 27 9 30 21 11 19 12 25 13 29 7 24 15 23 17 31 8 5 28 1 
9.90335 1 2 16 20 18 6 32 3 10 22 14 26 4 27 9 30 21 11 19 12 25 13 29 7 24 15 23 17 31 8 5 28 1 
9.90335 1 2 16 20 18 6 32 3 10 22 14 26 4 27 9 30 21 11 19 12 25 13 29 7 24 15 23 17 31 8 5 28 1 
9.90335 1 2 16 20 18 6 32 3 10 22 14 26 4 27 9 30 21 11 19 12 25 13 29 7 24 15 23 17 31 8 5 28 1 
9.90335 1 2 16 20 18 6 32 3 10 22 14 26 4 27 9 30 21 11 19 12 25 13 29 7 24 15 23 17 31 8 5 28 1 
9.90335 1 2 16 20 18 6 32 3 10 22 14 26 4 27 9 30 21 11 19 12 25 13 29 7 24 15 23 17 31 8 5 28 1 
9.90335 1 2 16 20 18 6 32 3 10 22 14 26 4 27 9 30 21 11 19 12 25 13 29 7 24 15 23 17 31 8 5 28 1 
9.90335 1 2 16 20 18 6 32 3 10 22 14 26 4 27 9 30 21 11 19 12 25 13 29 7 24 15 23 17 31 8 5 28 1 
9.90335 1 2 16 20 18 6 32 3 10 22 14 26 4 27 9 30 21 11 19 12 25 13 29 7 24 15 23 17 31 8 5 28 1 
9.90335 1 2 16 20 18 6 32 3 10 22 14 26 4 27 9 30 21 11 19 12 25 13 29 7 24 15 23 17 31 8 5 28 1 
9.90335 1 2 16 20 18 6 32 3 10 22 14 26 4 27 9 30 21 11 19 12 25 13 29 7 24 15 23 17 31 8 5 28 1 
9.90335 1 2 16 20 18 6 32 3 10 22 14 26 4 27 9 30 21 11 19 12 25 13 29 7 24 15 23 17 31 8 5 28 1 
9.90335 1 2 16 20 18 6 32 3 10 22 14 26 4 27 9 30 21 11 19 12 25 13 29 7 24 15 23 17 31 8 5 28 1 
9.90335 1 2 16 20 18 6 32 3 10 22 14 26 4 27 9 30 21 11 19 12 25 13 29 7 24 15 23 17 31 8 5 28 1 
9.90335 1 2 16 20 18 6 32 3 10 22 14 26 4 27 9 30 21 11 19 12 25 13 29 7 24 15 23 17 31 8 5 28 1 
9.90335 1 2 16 20 18 6 32 3 10 22 14 26 4 27 9 30 21 11 19 12 25 13 29 7 24 15 23 17 31 8 5 28 1 
9.90335 1 2 16 20 18 6 32 3 10 22 14 26 4 27 9 30 21 11 19 12 25 13 29 7 24 15 23 17 31 8 5 28 1 
9.90335 1 2 16 20 18 6 32 3 10 22 14 26 4 27 9 30 21 11 19 12 25 13 29 7 24 15 23 17 31 8 5 28 1 
9.90335 1 2 16 20 18 6 32 3 10 22 14 26 4 27 9 30 21 11 19 12 25 13 29 7 24 15 23 17 31 8 5 28 1 
9.90335 1 2 16 20 18 6 32 3 10 22 14 26 4 27 9 30 21 11 19 12 25 13 29 7 24 15 23 17 31 8 5 28 1 
9.90335 1 2 16 20 18 6 32 3 10 22 14 26 4 27 9 30 21 11 19 12 25 13 29 7 24 15 23 17 31 8 5 28 1 
9.90335 1 2 16 20 18 6 32 3 10 22 14 26 4 27 9 30 21 11 19 12 25 13 29 7 24 15 23 17 31 8 5 28 1 
9.90335 1 2 16 20 18 6 32 3 10 22 14 26 4 27 9 30 21 11 19 12 25 13 29 7 24 15 23 17 31 8 5 28 1 
9.90335 1 2 16 20 18 6 32 3 10 22 14 26 4 27 9 30 21 11 19 12 25 13 29 7 24 15 23 17 31 8 5 28 1 
9.90335 1 2 16 20 18 6 32 3 10 22 14 26 4 27 9 30 21 11 19 12 25 13 29 7 24 15 23 17 31 8 5 28 1 
9.90335 1 2 16 20 18 6 32 3 10 22 14 26 4 27 9 30 21 11 19 12 25 13 29 7 24 15 23 17 31 8 5 28 1 
9.90335 1 2 16 20 18 6 32 3 10 22 14 26 4 27 9 30 21 11 19 12 25 13 29 7 24 15 23 17 31 8 5 28 1 
9.90335 1 2 16 20 18 6 32 3 10 22 14 26 4 27 9 30 21 11 19 12 25 13 29 7 24 15 23 17 31 8 5 28 1 
9.90335 1 2 16 20 18 6 32 3 10 22 14 26 4 27 9 30 21 11 19 12 25 13 29 7 24 15 23 17 31 8 5 28 1 
9.90335 1 2 16 20 18 6 32 3 10 22 14 26 4 27 9 30 21 11 19 12 25 13 29 7 24 15 23 17 31 8 5 28 1 
9.90335 1 2 16 20 18 6 32 3 10 22 14 26 4 27 9 30 21 11 19 12 25 13 29 7 24 15 23 17 31 8 5 28 1 
9.90335 1 2 16 20 18 6 32 3 10 22 14 26 4 27 9 30 21 11 19 12 25 13 29 7 24 15 23 17 31 8 5 28 1 
9.90335 1 2 16 20 18 6 32 3 10 22 14 26 4 27 9 30 21 11 19 12 25 13 29 7 24 15 23 17 31 8 5 28 1 
9.90335 1 2 16 20 18 6 32 3 10 22 14 26 4 27 9 30 21 11 19 12 25 13 29 7 24 15 23 17 31 8 5 28 1 
9.90335 1 2 16 20 18 6 32 3 10 22 14 26 4 27 9 30 21 11 19 12 25 13 29 7 24 15 23 17 31 8 5 28 1 
9.90335 1 2 16 20 18 6 32 3 10 22 14 26 4 27 9 30 21 11 19 12 25 13 29 7 24 15 23 17 31 8 5 28 1 
9.90335 1 2 16 20 18 6 32 3 10 22 14 26 4 27 9 30 21 11 19 12 25 13 29 7 24 15 23 17 31 8 5 28 1 
9.90335 1 2 16 20 18 6 32 3 10 22 14 26 4 27 9 30 21 11 19 12 25 13 29 7 24 15 23 17 31 8 5 28 1 
9.90335 1 2 16 20 18 6 32 3 10 22 14 26 4 27 9 30 21 11 19 12 25 13 29 7 24 15 23 17 31 8 5 28 1 
9.90335 1 2 16 20 18 6 32 3 10 22 14 26 4 27 9 30 21 11 19 12 25 13 29 7 24 15 23 17 31 8 5 28 1 
9.90335 1 2 16 20 18 6 32 3 10 22 14 26 4 27 9 30 21 11 19 12 25 13 29 7 24 15 23 17 31 8 5 28 1 
9.90335 1 2 16 20 18 6 32 3 10 22 14 26 4 27 9 30 21 11 19 12 25 13 29 7 24 15 23 17 31 8 5 28 1 
9.90335 1 2 16 20 18 6 32 3 10 22 14 26 4 27 9 30 21 11 19 12 25 13 29 7 24 15 23 17 31 8 5 28 1 
9.90335 1 2 16 20 18 6 32 3 10 22 14 26 4 27 9 30 21 11 19 12 25 13 29 7 24 15 23 17 31 8 5 28 1 
9.90335 1 2 16 20 18 6 32 3 10 22 14 26 4 27 9 30 21 11 19 12 25 13 29 7 24 15 23 17 31 8 5 28 1 
9.90335 1 2 16 20 18 6 32 3 10 22 14 26 4 27 9 30 21 11 19 12 25 13 29 7 24 15 23 17 31 8 5 28 1 
10.0786 1 2 16 20 18 3 6 32 10 22 14 26 4 27 9 30 21 11 19 12 25 13 29 7 24 15 23 17 31 8 5 28 1 
10.3336 1 2 16 20 14 22 10 3 32 6 18 26 4 27 9 30 21 11 19 12 25 13 29 7 24 15 23 17 31 8 5 28 1 
10.3336 1 2 16 20 14 22 10 3 32 6 18 26 4 27 9 30 21 11 19 12 25 13 29 7 24 15 23 17 31 8 5 28 1 
10.5858 1 2 16 20 22 6 32 3 10 18 14 26 4 27 9 30 21 11 19 12 25 13 29 7 24 15 23 17 31 8 5 28 1 
10.6034 1 2 16 20 18 6 32 3 10 22 14 27 9 30 26 4 21 11 19 12 25 13 29 7 24 15 23 17 31 8 5 28 1 
10.7633 1 2 16 20 18 6 32 3 10 11 21 30 9 27 4 26 14 22 19 12 25 13 29 7 24 15 23 17 31 8 5 28 1 
10.7633 1 2 16 20 18 6 32 3 10 11 21 30 9 27 4 26 14 22 19 12 25 13 29 7 24 15 23 17 31 8 5 28 1 
10.7633 1 2 16 20 18 6 32 3 10 11 21 30 9 27 4 26 14 22 19 12 25 13 29 7 24 15 23 17 31 8 5 28 1 
10.7633 1 2 16 20 18 6 32 3 10 11 21 30 9 27 4 26 14 22 19 12 25 13 29 7 24 15 23 17 31 8 5 28 1 
10.7633 1 2 16 20 18 6 32 3 10 11 21 30 9 27 4 26 14 22 19 12 25 13 29 7 24 15 23 17 31 8 5 28 1 
10.7857 1 2 16 20 18 6 32 3 10 22 14 26 4 27 8 5 9 30 21 11 19 12 25 13 29 7 24 15 23 17 31 28 1 
10.8832 1 2 16 20 18 6 32 3 10 22 14 26 4 27 9 30 21 11 19 12 25 13 29 7 24 5 8 31 17 23 15 28 1 
10.8832 1 2 16 20 18 6 32 3 10 22 14 26 4 27 9 30 21 11 19 12 25 13 29 7 24 5 8 31 17 23 15 28 1 
10.885 1 2 16 20 18 6 32 3 10 22 14 26 4 27 9 30 8 31 17 23 15 24 7 29 13 25 12 19 11 21 5 28 1 
10.9249 1 2 16 20 3 6 18 32 10 22 14 26 4 27 9 30 21 11 19 12 25 13 29 7 24 15 23 17 31 8 5 28 1 
10.9713 1 2 16 20 18 6 32 3 10 22 14 26 4 27 9 30 19 12 25 13 29 7 24 15 21 11 23 17 31 8 5 28 1 
11.0255 1 2 16 20 18 6 32 3 10 22 14 26 4 27 9 30 5 21 11 19 12 25 13 29 7 24 15 23 17 31 8 28 1 
11.0255 1 2 16 20 18 6 32 3 10 22 14 26 4 27 9 30 5 21 11 19 12 25 13 29 7 24 15 23 17 31 8 28 1 
11.0255 1 2 16 20 18 6 32 3 10 22 14 26 4 27 9 30 5 21 11 19 12 25 13 29 7 24 15 23 17 31 8 28 1 
11.1323 1 2 16 20 26 4 27 9 30 21 18 6 32 3 10 22 14 11 19 12 25 13 29 7 24 15 23 17 31 8 5 28 1 
11.1629 1 2 16 20 18 6 32 3 10 22 14 26 4 27 19 12 25 13 29 7 24 15 23 17 31 8 5 30 21 11 9 28 1 
11.1629 1 2 16 20 18 6 32 3 10 22 14 26 4 27 19 12 25 13 29 7 24 15 23 17 31 8 5 30 21 11 9 28 1 
11.1629 1 2 16 20 18 6 32 3 10 22 14 26 4 27 19 12 25 13 29 7 24 15 23 17 31 8 5 30 21 11 9 28 1 
11.1629 1 2 16 20 18 6 32 3 10 22 14 26 4 27 19 12 25 13 29 7 24 15 23 17 31 8 5 30 21 11 9 28 1 
11.1629 1 2 16 20 18 6 32 3 10 22 14 26 4 27 19 12 25 13 29 7 24 15 23 17 31 8 5 30 21 11 9 28 1 
11.1629 1 2 16 20 18 6 32 3 10 22 14 26 4 27 19 12 25 13 29 7 24 15 23 17 31 8 5 30 21 11 9 28 1 
11.1629 1 2 16 20 18 6 32 3 10 22 14 26 4 27 19 12 25 13 29 7 24 15 23 17 31 8 5 30 21 11 9 28 1 
11.2007 1 2 16 20 18 3 6 32 10 22 14 26 4 27 9 30 5 21 11 19 12 25 13 29 7 24 15 23 17 31 8 28 1 
11.2627 1 2 16 20 18 6 32 3 10 22 9 26 4 27 14 30 21 11 19 12 25 13 29 7 24 15 23 17 31 8 5 28 1 
11.2627 1 2 16 20 18 6 32 3 10 22 9 26 4 27 14 30 21 11 19 12 25 13 29 7 24 15 23 17 31 8 5 28 1 
11.2627 1 2 16 20 18 6 32 3 10 22 9 26 4 27 14 30 21 11 19 12 25 13 29 7 24 15 23 17 31 8 5 28 1 
11.2627 1 2 16 20 18 6 32 3 10 22 9 26 4 27 14 30 21 11 19 12 25 13 29 7 24 15 23 17 31 8 5 28 1 
11.2627 1 2 16 20 18 6 32 3 10 22 9 26 4 27 14 30 21 11 19 12 25 13 29 7 24 15 23 17 31 8 5 28 1 
11.2716 1 2 16 20 18 6 32 3 10 22 14 26 4 27 9 30 8 31 17 23 15 24 7 29 13 25 12 21 11 19 5 28 1 
11.2856 1 2 16 20 18 6 32 3 10 22 14 26 4 27 9 30 21 11 12 25 13 29 7 24 15 19 23 5 17 31 8 28 1 
11.2856 1 2 16 20 18 6 32 3 10 22 14 26 4 27 9 30 21 11 12 25 13 29 7 24 15 19 23 5 17 31 8 28 1 
11.3052 1 2 16 20 18 5 8 31 17 23 15 24 7 29 13 25 12 19 11 21 30 9 27 4 26 14 22 10 3 32 6 28 1 
11.3226 1 2 16 20 11 21 30 9 27 4 26 14 22 10 3 32 6 18 19 12 25 13 29 7 24 15 23 17 31 8 5 28 1 
11.3334 1 2 16 20 18 6 32 3 10 22 14 26 4 19 12 25 13 29 7 24 30 21 11 27 9 15 23 17 31 8 5 28 1 
11.3757 1 2 16 20 18 6 32 3 10 22 14 21 11 19 12 25 26 4 27 9 30 13 29 7 24 15 23 17 31 8 5 28 1 
11.3757 1 2 16 20 18 6 32 3 10 22 14 21 11 19 12 25 26 4 27 9 30 13 29 7 24 15 23 17 31 8 5 28 1 
11.3958 1 2 16 20 18 6 32 3 10 22 14 26 17 31 8 4 27 9 30 21 11 19 12 25 13 29 7 24 15 23 5 28 1 
11.4231 1 2 16 20 18 6 32 3 10 22 14 29 13 25 12 19 11 21 30 9 27 4 26 7 24 15 23 17 31 8 5 28 1 
11.4269 1 2 16 20 18 6 32 3 10 22 14 26 4 27 9 30 21 11 19 31 17 23 15 24 7 29 13 25 12 8 5 28 1 
11.4298 1 2 16 20 18 6 32 3 10 22 14 26 4 27 19 12 11 21 30 5 8 31 17 23 15 24 7 29 13 25 9 28 1 
11.4319 1 2 16 20 18 6 32 3 19 12 25 13 29 7 24 30 21 11 10 22 14 26 4 27 9 15 23 17 31 8 5 28 1 
11.4319 1 2 16 20 18 6 32 3 19 12 25 13 29 7 24 30 21 11 10 22 14 26 4 27 9 15 23 17 31 8 5 28 1 
11.4319 1 2 16 20 18 6 32 3 19 12 25 13 29 7 24 30 21 11 10 22 14 26 4 27 9 15 23 17 31 8 5 28 1 
11.6259 1 2 16 20 19 12 18 6 32 3 10 22 14 26 4 27 9 30 21 11 25 13 29 7 24 15 23 17 31 8 5 28 1 
11.6259 1 2 16 20 19 12 18 6 32 3 10 22 14 26 4 27 9 30 21 11 25 13 29 7 24 15 23 17 31 8 5 28 1 
11.6537 1 2 16 20 18 6 32 3 10 22 19 26 4 27 9 30 21 11 14 12 25 13 29 7 24 15 23 17 31 8 5 28 1 
11.6537 1 2 16 20 18 6 32 3 10 22 19 26 4 27 9 30 21 11 14 12 25 13 29 7 24 15 23 17 31 8 5 28 1 
11.6537 1 2 16 20 18 6 32 3 10 22 19 26 4 27 9 30 21 11 14 12 25 13 29 7 24 15 23 17 31 8 5 28 1 
11.7598 1 2 16 20 18 6 25 13 29 7 32 3 10 22 14 26 4 27 9 30 21 11 19 12 24 15 23 17 31 8 5 28 1 
11.7995 1 2 16 20 18 6 32 3 10 22 14 26 4 27 17 30 21 11 19 12 25 13 29 7 24 15 23 9 31 8 5 28 1 
11.7995 1 2 16 20 18 6 32 3 10 22 14 26 4 27 17 30 21 11 19 12 25 13 29 7 24 15 23 9 31 8 5 28 1 
11.8043 1 2 17 31 8 16 20 18 6 32 3 10 22 14 26 4 27 9 30 21 11 19 12 25 13 29 7 24 15 23 5 28 1 
11.8043 1 2 17 31 8 16 20 18 6 32 3 10 22 14 26 4 27 9 30 21 11 19 12 25 13 29 7 24 15 23 5 28 1 
11.8043 1 2 17 31 8 16 20 18 6 32 3 10 22 14 26 4 27 9 30 21 11 19 12 25 13 29 7 24 15 23 5 28 1 
11.8101 1 2 16 31 17 23 15 24 7 29 13 25 12 19 11 21 30 9 27 4 26 14 22 10 3 32 6 18 20 8 5 28 1 
11.8101 1 2 16 31 17 23 15 24 7 29 13 25 12 19 11 21 30 9 27 4 26 14 22 10 3 32 6 18 20 8 5 28 1 
11.8266 1 2 16 20 13 25 12 19 11 21 30 9 27 4 26 14 22 10 3 32 6 18 29 7 24 15 23 17 31 8 5 28 1 
11.8266 1 2 16 20 13 25 12 19 11 21 30 9 27 4 26 14 22 10 3 32 6 18 29 7 24 15 23 17 31 8 5 28 1 
11.9054 1 2 16 20 18 6 32 3 10 19 12 25 13 29 7 24 15 22 14 26 4 27 9 30 21 11 23 17 31 8 5 28 1 
11.9518 1 2 16 20 18 6 12 19 11 21 30 9 27 4 26 14 22 10 3 32 25 13 29 7 24 15 23 17 31 8 5 28 1 
11.9666 1 2 16 20 18 6 32 3 10 19 14 26 4 27 9 30 21 11 22 12 25 13 29 7 24 15 23 17 31 8 5 28 1 
12.0314 1 2 16 20 18 6 32 3 10 22 12 25 13 29 7 24 15 23 17 31 8 4 27 9 30 21 11 19 14 26 5 28 1 
12.081 1 2 16 20 18 6 32 3 10 5 22 14 26 4 27 9 30 21 11 19 12 25 13 29 7 24 15 23 17 31 8 28 1 
12.1455 1 2 16 20 18 6 32 3 10 22 14 26 4 29 7 24 27 9 30 21 11 19 12 25 13 15 23 17 31 8 5 28 1 
12.1455 1 2 16 20 18 6 32 3 10 22 14 26 4 29 7 24 27 9 30 21 11 19 12 25 13 15 23 17 31 8 5 28 1 
12.1455 1 2 16 20 18 6 32 3 10 22 14 26 4 29 7 24 27 9 30 21 11 19 12 25 13 15 23 17 31 8 5 28 1 
12.1882 1 2 16 20 18 6 32 3 10 22 25 13 29 7 24 15 23 17 14 26 4 27 9 30 21 11 19 12 31 8 5 28 1 
12.2371 1 2 16 17 23 15 24 7 29 13 25 20 18 6 32 3 10 22 14 26 4 27 9 30 21 11 19 12 31 8 5 28 1 
12.2784 1 2 16 20 32 3 10 22 14 26 4 6 18 27 9 30 21 11 19 12 25 13 29 7 24 15 23 17 31 8 5 28 1 
12.2784 1 2 16 20 32 3 10 22 14 26 4 6 18 27 9 30 21 11 19 12 25 13 29 7 24 15 23 17 31 8 5 28 1 
12.3232 1 2 16 20 18 6 32 3 10 22 30 26 4 17 31 8 27 9 14 21 11 19 12 25 13 29 7 24 15 23 5 28 1 
12.3792 1 2 16 20 18 6 32 3 10 22 14 26 4 27 11 19 21 5 30 8 31 17 23 15 24 7 29 13 25 12 9 28 1 
12.4069 1 2 16 20 18 6 32 3 10 22 14 26 4 11 27 9 19 12 25 13 29 7 24 30 21 23 15 17 31 8 5 28 1 
12.4145 1 2 16 20 18 6 32 3 10 22 14 7 24 15 23 17 31 8 26 4 27 9 30 21 11 19 12 25 13 29 5 28 1 
12.4266 1 2 16 20 18 6 32 3 10 22 14 26 4 27 21 11 19 12 9 30 25 13 29 7 31 17 23 15 24 8 5 28 1 
12.5705 1 2 16 20 18 6 32 3 10 22 14 26 4 27 9 30 21 11 19 12 25 13 23 15 24 7 29 17 31 8 5 28 1 
12.5756 1 2 16 20 18 6 32 3 10 22 14 26 4 27 9 30 21 11 23 12 25 13 29 7 24 15 19 17 31 8 5 28 1 
12.604 1 2 16 20 18 6 32 3 10 22 14 26 4 27 7 30 21 11 19 12 25 13 29 9 24 15 23 17 31 8 5 28 1 
12.604 1 2 16 20 18 6 32 3 10 22 14 26 4 27 7 30 21 11 19 12 25 13 29 9 24 15 23 17 31 8 5 28 1 
12.604 1 2 16 20 18 6 32 3 10 22 14 26 4 27 7 30 21 11 19 12 25 13 29 9 24 15 23 17 31 8 5 28 1 
12.6345 1 2 16 20 23 15 24 7 29 13 25 12 19 11 21 30 9 27 4 26 14 22 10 3 32 6 18 17 31 8 5 28 1 
12.6739 1 2 16 20 23 15 24 7 29 13 25 12 19 11 18 6 32 3 10 22 14 26 4 27 9 30 21 17 31 8 5 28 1 
12.6739 1 2 16 20 23 15 24 7 29 13 25 12 19 11 18 6 32 3 10 22 14 26 4 27 9 30 21 17 31 8 5 28 1 
12.87 1 2 16 20 18 6 32 3 21 11 19 12 25 27 9 30 10 22 14 26 4 13 29 7 24 15 23 17 31 8 5 28 1 
12.87 1 2 16 20 18 6 32 3 21 11 19 12 25 27 9 30 10 22 14 26 4 13 29 7 24 15 23 17 31 8 5 28 1 
12.87 1 2 16 20 18 6 32 3 21 11 19 12 25 27 9 30 10 22 14 26 4 13 29 7 24 15 23 17 31 8 5 28 1 
12.87 1 2 16 20 18 6 32 3 21 11 19 12 25 27 9 30 10 22 14 26 4 13 29 7 24 15 23 17 31 8 5 28 1 
12.9263 1 2 16 20 14 22 10 12 25 13 29 7 4 27 9 30 21 11 19 3 32 6 18 26 24 15 23 17 31 8 5 28 1 
13.046 1 2 16 20 18 17 31 8 5 6 32 3 10 22 14 26 4 27 9 30 21 11 19 12 25 13 29 7 24 15 23 28 1 
13.046 1 2 16 20 18 17 31 8 5 6 32 3 10 22 14 26 4 27 9 30 21 11 19 12 25 13 29 7 24 15 23 28 1 
13.1647 1 2 16 20 18 6 32 3 10 22 14 26 29 7 24 15 23 17 31 12 25 13 4 27 9 30 21 11 19 8 5 28 1 
13.2247 1 2 16 20 18 6 32 3 10 22 14 26 11 27 9 30 21 4 19 23 15 24 7 29 13 25 12 17 31 8 5 28 1 
13.2854 1 2 16 20 18 6 32 3 30 9 27 4 26 7 24 19 11 21 10 22 14 29 13 25 12 15 23 17 31 8 5 28 1 
13.3304 1 2 16 20 18 6 32 3 10 22 14 26 11 27 9 30 21 4 23 12 25 13 29 7 24 15 19 17 31 8 5 28 1 
13.3435 1 2 16 20 18 6 32 21 11 19 12 25 13 29 7 24 15 23 17 31 26 4 27 9 30 3 10 22 14 8 5 28 1 
13.4409 1 2 16 20 18 6 32 3 10 22 14 26 4 25 12 17 31 19 11 21 30 9 27 13 29 7 24 15 23 8 5 28 1 
13.51 1 2 16 20 18 6 25 13 29 7 24 15 23 17 32 3 10 22 14 26 4 27 9 30 21 11 19 12 31 8 5 28 1 
13.511 1 2 16 20 18 6 32 3 10 5 22 14 26 4 19 12 25 13 29 7 24 30 21 11 27 9 15 23 17 31 8 28 1 
13.5321 1 2 16 20 18 6 32 3 10 23 15 24 7 29 13 25 12 19 11 21 30 9 17 22 14 4 26 27 31 8 5 28 1 
13.5495 1 2 16 20 18 6 32 3 21 11 19 29 13 4 26 14 22 10 30 9 27 25 12 7 24 15 23 17 31 8 5 28 1 
13.5607 1 2 16 20 18 4 32 3 10 22 14 26 6 27 9 30 21 11 19 12 25 13 29 7 24 15 23 17 31 8 5 28 1 
13.6159 1 2 16 20 23 15 24 7 29 13 25 12 19 4 26 14 22 10 3 32 6 18 11 27 9 30 21 17 31 8 5 28 1 
13.7394 1 2 17 31 8 16 20 18 6 22 3 10 32 14 26 4 27 9 30 21 11 19 12 25 13 29 7 24 15 23 5 28 1 
13.7616 1 2 16 20 18 23 17 31 8 6 32 3 10 22 14 26 4 27 9 30 21 11 19 12 25 13 29 7 24 5 15 28 1 
13.8054 1 2 16 20 18 6 25 13 29 7 24 15 23 17 32 3 10 22 14 26 4 27 9 30 21 11 19 12 5 31 8 28 1 
13.8757 1 2 16 20 18 6 32 9 10 22 14 26 4 27 3 30 21 11 19 12 25 13 29 7 24 15 23 17 31 8 5 28 1 
13.8757 1 2 16 20 18 6 32 9 10 22 14 26 4 27 3 30 21 11 19 12 25 13 29 7 24 15 23 17 31 8 5 28 1 
13.8757 1 2 16 20 18 6 32 9 10 22 14 26 4 27 3 30 21 11 19 12 25 13 29 7 24 15 23 17 31 8 5 28 1 
13.8787 1 2 16 20 23 15 24 7 29 13 25 12 19 11 17 30 9 27 4 18 6 32 3 10 22 14 26 21 31 8 5 28 1 
13.8852 1 2 16 20 18 6 32 3 10 22 14 7 24 15 23 17 19 12 31 8 26 4 27 9 30 21 11 25 13 29 5 28 1 
13.9079 1 2 16 31 20 18 6 32 3 30 21 11 19 12 25 13 29 7 24 15 23 17 8 10 22 14 26 4 27 9 5 28 1 
13.9567 1 2 16 20 13 25 12 19 11 21 30 7 24 15 23 17 31 8 9 27 4 26 14 22 10 3 32 6 18 29 5 28 1 
14.1777 1 2 16 20 18 6 32 3 10 22 14 26 4 27 17 30 21 11 19 12 25 13 29 9 24 15 23 7 31 8 5 28 1 
14.2311 1 2 16 20 18 6 32 3 10 27 4 30 21 11 19 12 25 13 15 23 17 31 8 22 14 26 9 29 7 24 5 28 1 
14.2964 1 2 16 20 18 6 32 3 21 11 19 12 22 27 9 30 10 25 14 26 4 13 29 7 24 15 23 17 31 8 5 28 1 
14.3338 1 2 16 20 13 25 12 19 11 21 30 9 27 4 26 29 7 24 15 23 17 18 14 22 10 3 32 6 31 8 5 28 1 
14.5048 1 2 16 20 18 6 32 3 21 11 19 12 22 27 10 14 26 4 9 30 23 25 13 29 7 24 15 17 31 8 5 28 1 
14.6091 1 2 16 20 18 6 3 32 10 13 14 4 26 27 9 30 21 11 19 12 25 22 28 29 7 24 15 23 17 31 8 5 1 
14.6706 1 2 16 20 13 25 12 19 11 21 30 9 10 4 26 14 22 27 3 32 6 18 29 7 24 15 23 17 31 8 5 28 1 
15.1887 1 2 16 20 18 6 32 3 10 22 17 26 4 27 9 30 8 31 14 23 15 24 7 29 13 25 21 11 19 12 5 28 1 
15.2313 1 2 16 20 18 6 32 9 10 22 14 26 4 27 3 30 15 23 17 31 8 5 21 11 19 12 25 13 29 7 24 28 1 
15.2435 1 2 16 20 31 17 23 15 24 7 29 32 3 10 22 14 13 25 12 18 6 26 4 27 9 30 21 11 19 8 5 28 1 
15.2494 1 2 16 20 18 6 32 26 4 27 9 30 21 11 7 24 15 23 17 31 13 29 10 22 14 3 19 12 25 8 5 28 1 
15.357 1 2 23 16 20 18 6 32 30 21 11 19 12 4 27 9 3 10 22 14 26 25 13 29 7 24 15 17 31 8 5 28 1 
15.357 1 2 23 16 20 18 6 32 30 21 11 19 12 4 27 9 3 10 22 14 26 25 13 29 7 24 15 17 31 8 5 28 1 
15.5007 1 2 16 20 18 4 32 3 6 25 29 7 24 15 21 11 19 12 13 5 30 9 10 22 14 26 27 23 17 31 8 28 1 
15.7628 1 2 23 16 22 14 20 18 6 32 30 21 11 19 12 4 27 9 3 10 26 25 13 29 7 24 15 17 31 8 5 28 1 
16.0479 1 2 16 20 18 6 32 3 10 11 21 30 9 27 4 26 14 22 19 23 12 25 13 29 28 7 24 15 17 31 8 5 1 
16.0568 1 2 16 20 18 6 25 13 29 7 14 15 23 17 32 3 10 22 24 26 4 27 9 30 21 11 19 12 31 8 5 28 1 
16.2773 1 2 16 20 18 6 30 9 17 22 14 4 26 27 32 3 10 23 15 24 7 29 13 25 12 19 11 21 31 8 5 28 1 
16.2773 1 2 16 20 18 6 30 9 17 22 14 4 26 27 32 3 10 23 15 24 7 29 13 25 12 19 11 21 31 8 5 28 1 
16.5479 1 2 16 20 18 6 32 9 10 22 14 26 4 27 3 30 21 11 23 12 25 13 29 7 24 15 19 17 31 8 5 28 1 
17.7609 1 2 16 15 24 7 29 13 25 12 19 11 18 6 28 32 3 23 20 10 22 14 26 4 27 9 30 21 17 31 8 5 1 
