9.93731 1 4 27 9 5 8 31 17 23 15 24 7 29 13 25 12 19 11 21 30 26 14 22 10 3 32 6 18 20 16 2 28 1 
9.93731 1 4 27 9 5 8 31 17 23 15 24 7 29 13 25 12 19 11 21 30 26 14 22 10 3 32 6 18 20 16 2 28 1 
9.93731 1 4 27 9 5 8 31 17 23 15 24 7 29 13 25 12 19 11 21 30 26 14 22 10 3 32 6 18 20 16 2 28 1 
9.93731 1 4 27 9 5 8 31 17 23 15 24 7 29 13 25 12 19 11 21 30 26 14 22 10 3 32 6 18 20 16 2 28 1 
9.93731 1 4 27 9 5 8 31 17 23 15 24 7 29 13 25 12 19 11 21 30 26 14 22 10 3 32 6 18 20 16 2 28 1 
9.93731 1 4 27 9 5 8 31 17 23 15 24 7 29 13 25 12 19 11 21 30 26 14 22 10 3 32 6 18 20 16 2 28 1 
9.93731 1 4 27 9 5 8 31 17 23 15 24 7 29 13 25 12 19 11 21 30 26 14 22 10 3 32 6 18 20 16 2 28 1 
9.93731 1 4 27 9 5 8 31 17 23 15 24 7 29 13 25 12 19 11 21 30 26 14 22 10 3 32 6 18 20 16 2 28 1 
9.93731 1 4 27 9 5 8 31 17 23 15 24 7 29 13 25 12 19 11 21 30 26 14 22 10 3 32 6 18 20 16 2 28 1 
9.93731 1 4 27 9 5 8 31 17 23 15 24 7 29 13 25 12 19 11 21 30 26 14 22 10 3 32 6 18 20 16 2 28 1 
9.93731 1 4 27 9 5 8 31 17 23 15 24 7 29 13 25 12 19 11 21 30 26 14 22 10 3 32 6 18 20 16 2 28 1 
9.93731 1 4 27 9 5 8 31 17 23 15 24 7 29 13 25 12 19 11 21 30 26 14 22 10 3 32 6 18 20 16 2 28 1 
9.93731 1 4 27 9 5 8 31 17 23 15 24 7 29 13 25 12 19 11 21 30 26 14 22 10 3 32 6 18 20 16 2 28 1 
9.93731 1 4 27 9 5 8 31 17 23 15 24 7 29 13 25 12 19 11 21 30 26 14 22 10 3 32 6 18 20 16 2 28 1 
9.93731 1 4 27 9 5 8 31 17 23 15 24 7 29 13 25 12 19 11 21 30 26 14 22 10 3 32 6 18 20 16 2 28 1 
9.93731 1 4 27 9 5 8 31 17 23 15 24 7 29 13 25 12 19 11 21 30 26 14 22 10 3 32 6 18 20 16 2 28 1 
9.93731 1 4 27 9 5 8 31 17 23 15 24 7 29 13 25 12 19 11 21 30 26 14 22 10 3 32 6 18 20 16 2 28 1 
9.93731 1 4 27 9 5 8 31 17 23 15 24 7 29 13 25 12 19 11 21 30 26 14 22 10 3 32 6 18 20 16 2 28 1 
9.93731 1 4 27 9 5 8 31 17 23 15 24 7 29 13 25 12 19 11 21 30 26 14 22 10 3 32 6 18 20 16 2 28 1 
9.93731 1 4 27 9 5 8 31 17 23 15 24 7 29 13 25 12 19 11 21 30 26 14 22 10 3 32 6 18 20 16 2 28 1 
9.93731 1 4 27 9 5 8 31 17 23 15 24 7 29 13 25 12 19 11 21 30 26 14 22 10 3 32 6 18 20 16 2 28 1 
9.93731 1 4 27 9 5 8 31 17 23 15 24 7 29 13 25 12 19 11 21 30 26 14 22 10 3 32 6 18 20 16 2 28 1 
9.93731 1 4 27 9 5 8 31 17 23 15 24 7 29 13 25 12 19 11 21 30 26 14 22 10 3 32 6 18 20 16 2 28 1 
9.93731 1 4 27 9 5 8 31 17 23 15 24 7 29 13 25 12 19 11 21 30 26 14 22 10 3 32 6 18 20 16 2 28 1 
9.93731 1 4 27 9 5 8 31 17 23 15 24 7 29 13 25 12 19 11 21 30 26 14 22 10 3 32 6 18 20 16 2 28 1 
9.93731 1 4 27 9 5 8 31 17 23 15 24 7 29 13 25 12 19 11 21 30 26 14 22 10 3 32 6 18 20 16 2 28 1 
9.93731 1 4 27 9 5 8 31 17 23 15 24 7 29 13 25 12 19 11 21 30 26 14 22 10 3 32 6 18 20 16 2 28 1 
9.93731 1 4 27 9 5 8 31 17 23 15 24 7 29 13 25 12 19 11 21 30 26 14 22 10 3 32 6 18 20 16 2 28 1 
9.93731 1 4 27 9 5 8 31 17 23 15 24 7 29 13 25 12 19 11 21 30 26 14 22 10 3 32 6 18 20 16 2 28 1 
9.93731 1 4 27 9 5 8 31 17 23 15 24 7 29 13 25 12 19 11 21 30 26 14 22 10 3 32 6 18 20 16 2 28 1 
9.93731 1 4 27 9 5 8 31 17 23 15 24 7 29 13 25 12 19 11 21 30 26 14 22 10 3 32 6 18 20 16 2 28 1 
9.93731 1 4 27 9 5 8 31 17 23 15 24 7 29 13 25 12 19 11 21 30 26 14 22 10 3 32 6 18 20 16 2 28 1 
9.93731 1 4 27 9 5 8 31 17 23 15 24 7 29 13 25 12 19 11 21 30 26 14 22 10 3 32 6 18 20 16 2 28 1 
9.93731 1 4 27 9 5 8 31 17 23 15 24 7 29 13 25 12 19 11 21 30 26 14 22 10 3 32 6 18 20 16 2 28 1 
9.93731 1 4 27 9 5 8 31 17 23 15 24 7 29 13 25 12 19 11 21 30 26 14 22 10 3 32 6 18 20 16 2 28 1 
9.93731 1 4 27 9 5 8 31 17 23 15 24 7 29 13 25 12 19 11 21 30 26 14 22 10 3 32 6 18 20 16 2 28 1 
9.93731 1 4 27 9 5 8 31 17 23 15 24 7 29 13 25 12 19 11 21 30 26 14 22 10 3 32 6 18 20 16 2 28 1 
9.93731 1 4 27 9 5 8 31 17 23 15 24 7 29 13 25 12 19 11 21 30 26 14 22 10 3 32 6 18 20 16 2 28 1 
9.93731 1 4 27 9 5 8 31 17 23 15 24 7 29 13 25 12 19 11 21 30 26 14 22 10 3 32 6 18 20 16 2 28 1 
9.93731 1 4 27 9 5 8 31 17 23 15 24 7 29 13 25 12 19 11 21 30 26 14 22 10 3 32 6 18 20 16 2 28 1 
9.93731 1 4 27 9 5 8 31 17 23 15 24 7 29 13 25 12 19 11 21 30 26 14 22 10 3 32 6 18 20 16 2 28 1 
9.93731 1 4 27 9 5 8 31 17 23 15 24 7 29 13 25 12 19 11 21 30 26 14 22 10 3 32 6 18 20 16 2 28 1 
9.93731 1 4 27 9 5 8 31 17 23 15 24 7 29 13 25 12 19 11 21 30 26 14 22 10 3 32 6 18 20 16 2 28 1 
9.93731 1 4 27 9 5 8 31 17 23 15 24 7 29 13 25 12 19 11 21 30 26 14 22 10 3 32 6 18 20 16 2 28 1 
9.93731 1 4 27 9 5 8 31 17 23 15 24 7 29 13 25 12 19 11 21 30 26 14 22 10 3 32 6 18 20 16 2 28 1 
9.93731 1 4 27 9 5 8 31 17 23 15 24 7 29 13 25 12 19 11 21 30 26 14 22 10 3 32 6 18 20 16 2 28 1 
9.93731 1 4 27 9 5 8 31 17 23 15 24 7 29 13 25 12 19 11 21 30 26 14 22 10 3 32 6 18 20 16 2 28 1 
9.93731 1 4 27 9 5 8 31 17 23 15 24 7 29 13 25 12 19 11 21 30 26 14 22 10 3 32 6 18 20 16 2 28 1 
9.93731 1 4 27 9 5 8 31 17 23 15 24 7 29 13 25 12 19 11 21 30 26 14 22 10 3 32 6 18 20 16 2 28 1 
9.93731 1 4 27 9 5 8 31 17 23 15 24 7 29 13 25 12 19 11 21 30 26 14 22 10 3 32 6 18 20 16 2 28 1 
9.93731 1 4 27 9 5 8 31 17 23 15 24 7 29 13 25 12 19 11 21 30 26 14 22 10 3 32 6 18 20 16 2 28 1 
9.93731 1 4 27 9 5 8 31 17 23 15 24 7 29 13 25 12 19 11 21 30 26 14 22 10 3 32 6 18 20 16 2 28 1 
9.93731 1 4 27 9 5 8 31 17 23 15 24 7 29 13 25 12 19 11 21 30 26 14 22 10 3 32 6 18 20 16 2 28 1 
9.93731 1 4 27 9 5 8 31 17 23 15 24 7 29 13 25 12 19 11 21 30 26 14 22 10 3 32 6 18 20 16 2 28 1 
9.93731 1 4 27 9 5 8 31 17 23 15 24 7 29 13 25 12 19 11 21 30 26 14 22 10 3 32 6 18 20 16 2 28 1 
9.93731 1 4 27 9 5 8 31 17 23 15 24 7 29 13 25 12 19 11 21 30 26 14 22 10 3 32 6 18 20 16 2 28 1 
9.93731 1 4 27 9 5 8 31 17 23 15 24 7 29 13 25 12 19 11 21 30 26 14 22 10 3 32 6 18 20 16 2 28 1 
9.93731 1 4 27 9 5 8 31 17 23 15 24 7 29 13 25 12 19 11 21 30 26 14 22 10 3 32 6 18 20 16 2 28 1 
9.93731 1 4 27 9 5 8 31 17 23 15 24 7 29 13 25 12 19 11 21 30 26 14 22 10 3 32 6 18 20 16 2 28 1 
9.93731 1 4 27 9 5 8 31 17 23 15 24 7 29 13 25 12 19 11 21 30 26 14 22 10 3 32 6 18 20 16 2 28 1 
9.93731 1 4 27 9 5 8 31 17 23 15 24 7 29 13 25 12 19 11 21 30 26 14 22 10 3 32 6 18 20 16 2 28 1 
9.93731 1 4 27 9 5 8 31 17 23 15 24 7 29 13 25 12 19 11 21 30 26 14 22 10 3 32 6 18 20 16 2 28 1 
9.93731 1 4 27 9 5 8 31 17 23 15 24 7 29 13 25 12 19 11 21 30 26 14 22 10 3 32 6 18 20 16 2 28 1 
9.93731 1 4 27 9 5 8 31 17 23 15 24 7 29 13 25 12 19 11 21 30 26 14 22 10 3 32 6 18 20 16 2 28 1 
9.93731 1 4 27 9 5 8 31 17 23 15 24 7 29 13 25 12 19 11 21 30 26 14 22 10 3 32 6 18 20 16 2 28 1 
9.93731 1 4 27 9 5 8 31 17 23 15 24 7 29 13 25 12 19 11 21 30 26 14 22 10 3 32 6 18 20 16 2 28 1 
9.93731 1 4 27 9 5 8 31 17 23 15 24 7 29 13 25 12 19 11 21 30 26 14 22 10 3 32 6 18 20 16 2 28 1 
9.96514 1 2 16 20 18 6 32 3 10 22 14 26 30 21 11 19 12 25 13 29 7 24 15 23 17 31 8 5 9 27 4 28 1 
10.0795 1 2 4 27 9 5 8 31 17 23 15 24 7 29 13 25 12 19 11 21 30 26 14 22 10 3 32 6 18 20 16 28 1 
10.0795 1 2 4 27 9 5 8 31 17 23 15 24 7 29 13 25 12 19 11 21 30 26 14 22 10 3 32 6 18 20 16 28 1 
10.0795 1 2 4 27 9 5 8 31 17 23 15 24 7 29 13 25 12 19 11 21 30 26 14 22 10 3 32 6 18 20 16 28 1 
10.1384 1 4 27 9 30 21 11 19 12 25 13 29 7 24 15 23 17 31 8 5 26 14 22 10 3 32 6 18 20 16 2 28 1 
10.1384 1 4 27 9 30 21 11 19 12 25 13 29 7 24 15 23 17 31 8 5 26 14 22 10 3 32 6 18 20 16 2 28 1 
10.2286 1 4 27 9 5 8 31 17 23 15 24 29 7 13 25 12 19 11 21 30 26 14 22 10 3 32 6 18 20 16 2 28 1 
10.2286 1 4 27 9 5 8 31 17 23 15 24 29 7 13 25 12 19 11 21 30 26 14 22 10 3 32 6 18 20 16 2 28 1 
10.2286 1 4 27 9 5 8 31 17 23 15 24 29 7 13 25 12 19 11 21 30 26 14 22 10 3 32 6 18 20 16 2 28 1 
10.2286 1 4 27 9 5 8 31 17 23 15 24 29 7 13 25 12 19 11 21 30 26 14 22 10 3 32 6 18 20 16 2 28 1 
10.2286 1 4 27 9 5 8 31 17 23 15 24 29 7 13 25 12 19 11 21 30 26 14 22 10 3 32 6 18 20 16 2 28 1 
10.3687 1 16 4 27 9 5 8 31 17 23 15 24 7 29 13 25 12 19 11 21 30 26 14 22 10 3 32 6 18 20 2 28 1 
10.4443 1 4 27 9 5 8 31 17 23 15 24 7 29 13 19 25 12 11 21 30 26 14 22 10 3 32 6 18 20 16 2 28 1 
10.4443 1 4 27 9 5 8 31 17 23 15 24 7 29 13 19 25 12 11 21 30 26 14 22 10 3 32 6 18 20 16 2 28 1 
10.465 1 4 27 9 30 26 5 8 31 17 23 15 24 7 29 13 25 12 19 11 21 14 22 10 3 32 6 18 20 16 2 28 1 
10.465 1 4 27 9 30 26 5 8 31 17 23 15 24 7 29 13 25 12 19 11 21 14 22 10 3 32 6 18 20 16 2 28 1 
10.7145 1 4 27 9 5 8 31 17 23 15 24 7 29 13 25 12 19 11 22 14 26 30 21 10 3 32 6 18 20 16 2 28 1 
10.7145 1 4 27 9 5 8 31 17 23 15 24 7 29 13 25 12 19 11 22 14 26 30 21 10 3 32 6 18 20 16 2 28 1 
10.7145 1 4 27 9 5 8 31 17 23 15 24 7 29 13 25 12 19 11 22 14 26 30 21 10 3 32 6 18 20 16 2 28 1 
10.7145 1 4 27 9 5 8 31 17 23 15 24 7 29 13 25 12 19 11 22 14 26 30 21 10 3 32 6 18 20 16 2 28 1 
10.8916 1 4 27 9 5 8 31 17 23 15 24 7 29 13 25 12 19 11 21 30 26 14 22 10 3 32 6 18 2 20 16 28 1 
10.9919 1 4 27 9 5 8 31 17 23 11 15 24 7 29 13 25 12 19 21 30 26 14 22 10 3 32 6 18 20 16 2 28 1 
11.0126 1 4 27 9 12 25 13 29 7 24 15 23 17 31 8 5 19 11 21 30 26 14 22 10 3 32 6 18 20 16 2 28 1 
11.0126 1 4 27 9 12 25 13 29 7 24 15 23 17 31 8 5 19 11 21 30 26 14 22 10 3 32 6 18 20 16 2 28 1 
11.0126 1 4 27 9 12 25 13 29 7 24 15 23 17 31 8 5 19 11 21 30 26 14 22 10 3 32 6 18 20 16 2 28 1 
11.0299 1 4 27 9 5 8 31 17 23 15 24 7 29 13 25 12 19 11 26 14 22 30 21 10 3 32 6 18 20 16 2 28 1 
11.0398 1 4 22 14 26 30 21 11 19 12 25 13 29 7 24 15 23 17 31 8 5 9 27 10 3 32 6 18 20 16 2 28 1 
11.0398 1 4 22 14 26 30 21 11 19 12 25 13 29 7 24 15 23 17 31 8 5 9 27 10 3 32 6 18 20 16 2 28 1 
11.0398 1 4 22 14 26 30 21 11 19 12 25 13 29 7 24 15 23 17 31 8 5 9 27 10 3 32 6 18 20 16 2 28 1 
11.0462 1 4 27 9 30 21 11 19 12 25 13 29 7 24 15 23 17 31 8 5 22 14 26 10 3 32 6 18 20 16 2 28 1 
11.0465 1 4 27 9 30 21 11 19 12 5 8 31 17 23 15 24 7 29 13 25 26 14 22 10 3 32 6 18 20 16 2 28 1 
11.0817 1 4 27 9 5 8 31 17 23 15 26 24 7 29 13 25 12 19 11 21 30 14 22 10 3 32 6 18 20 16 2 28 1 
11.1185 1 4 27 9 2 5 8 31 17 23 15 24 7 29 13 25 12 19 11 21 30 26 14 22 10 3 32 6 18 20 16 28 1 
11.1299 1 4 27 9 5 8 31 17 23 15 24 7 29 13 25 12 19 11 21 30 26 14 22 10 3 32 6 2 16 20 18 28 1 
11.1299 1 4 27 9 5 8 31 17 23 15 24 7 29 13 25 12 19 11 21 30 26 14 22 10 3 32 6 2 16 20 18 28 1 
11.1299 1 4 27 9 5 8 31 17 23 15 24 7 29 13 25 12 19 11 21 30 26 14 22 10 3 32 6 2 16 20 18 28 1 
11.1303 1 4 27 14 30 9 5 8 31 17 23 15 24 7 29 13 25 12 19 11 21 26 22 10 3 32 6 18 20 16 2 28 1 
11.3101 1 4 27 9 5 8 31 17 23 15 24 7 29 13 25 12 30 19 11 22 14 26 21 10 3 32 6 18 20 16 2 28 1 
11.3592 1 4 27 9 5 8 31 17 23 15 24 7 29 13 25 12 19 11 21 30 26 14 22 10 3 32 6 18 28 20 16 2 1 
11.4286 1 4 27 9 5 8 31 17 23 15 24 7 29 13 25 12 19 11 21 30 28 26 14 22 10 3 32 6 18 20 16 2 1 
11.4608 1 4 27 9 5 8 12 25 13 29 7 24 15 23 17 31 19 11 21 30 26 14 22 10 3 32 6 18 20 16 2 28 1 
11.492 1 4 27 9 5 8 31 17 23 15 24 7 29 13 25 12 19 11 22 14 26 30 21 10 3 32 6 18 20 2 16 28 1 
11.5263 1 4 27 9 2 8 31 17 23 5 15 24 7 29 13 25 12 19 11 21 30 26 14 22 10 3 32 6 18 20 16 28 1 
11.5263 1 4 27 9 2 8 31 17 23 5 15 24 7 29 13 25 12 19 11 21 30 26 14 22 10 3 32 6 18 20 16 28 1 
11.6184 1 4 27 9 11 21 30 26 14 22 10 3 32 6 18 20 16 5 8 31 17 23 15 24 7 29 13 25 12 19 2 28 1 
11.6203 1 4 27 9 5 8 31 17 23 15 24 7 29 13 25 12 19 11 21 30 26 14 22 10 3 32 6 28 18 20 16 2 1 
11.6203 1 4 27 9 5 8 31 17 23 15 24 7 29 13 25 12 19 11 21 30 26 14 22 10 3 32 6 28 18 20 16 2 1 
11.6572 1 4 27 9 12 25 5 8 31 17 23 15 24 7 29 13 19 11 21 30 26 14 22 10 3 32 6 18 20 16 2 28 1 
11.7494 1 4 27 9 5 8 31 17 23 15 24 7 29 13 25 12 19 11 10 3 32 21 30 26 14 22 6 18 20 16 2 28 1 
11.7494 1 4 27 9 5 8 31 17 23 15 24 7 29 13 25 12 19 11 10 3 32 21 30 26 14 22 6 18 20 16 2 28 1 
11.8839 1 4 27 9 5 8 31 17 23 2 15 24 7 29 13 25 12 19 11 21 30 26 14 22 10 3 32 6 18 20 16 28 1 
11.8839 1 4 27 9 5 8 31 17 23 2 15 24 7 29 13 25 12 19 11 21 30 26 14 22 10 3 32 6 18 20 16 28 1 
11.8851 1 4 27 9 5 8 31 2 17 23 15 24 7 29 13 25 12 19 11 21 30 26 14 22 10 3 32 6 18 20 16 28 1 
11.8884 1 4 27 9 12 25 13 29 24 15 23 17 5 8 31 7 19 11 21 30 26 14 22 10 3 32 6 18 20 16 2 28 1 
11.8884 1 4 27 9 12 25 13 29 24 15 23 17 5 8 31 7 19 11 21 30 26 14 22 10 3 32 6 18 20 16 2 28 1 
11.9813 1 4 27 9 5 8 31 17 23 15 24 7 29 13 25 12 19 11 21 2 16 20 18 6 32 3 10 30 26 14 22 28 1 
12.1397 1 4 27 9 5 8 31 17 23 15 24 7 29 13 25 12 19 11 14 26 28 30 21 22 10 3 32 6 18 20 16 2 1 
12.1694 1 4 27 9 2 8 31 17 23 15 24 7 29 13 25 12 19 11 21 30 26 14 22 10 3 32 6 18 20 16 5 28 1 
12.1822 1 4 27 9 5 8 31 17 23 15 24 7 29 13 25 12 30 19 11 2 16 20 18 6 32 3 10 22 14 26 21 28 1 
12.1967 1 2 4 27 9 5 8 31 17 23 15 24 7 29 13 25 12 19 11 28 21 30 26 14 22 10 3 32 6 18 20 16 1 
12.3154 1 4 27 9 5 8 31 17 23 15 24 7 29 13 25 12 19 11 21 30 26 14 22 10 3 2 16 20 18 6 32 28 1 
12.3154 1 4 27 9 5 8 31 17 23 15 24 7 29 13 25 12 19 11 21 30 26 14 22 10 3 2 16 20 18 6 32 28 1 
12.3154 1 4 27 9 5 8 31 17 23 15 24 7 29 13 25 12 19 11 21 30 26 14 22 10 3 2 16 20 18 6 32 28 1 
12.3364 1 4 27 9 5 8 31 17 23 30 21 11 19 12 25 13 29 7 24 15 22 14 26 10 16 3 32 6 18 20 2 28 1 
12.4994 1 5 16 20 18 6 32 3 10 22 14 26 30 21 11 19 12 25 13 7 29 24 15 23 17 31 8 2 9 27 4 28 1 
12.5294 1 4 27 9 5 8 31 17 23 15 24 29 7 13 25 12 2 19 11 21 30 26 14 22 10 3 32 6 18 20 16 28 1 
12.5616 1 4 27 9 3 32 6 12 25 13 29 7 24 15 23 17 31 8 5 19 11 21 30 26 14 22 10 18 20 16 2 28 1 
12.6829 1 4 27 9 5 8 31 17 23 15 24 7 29 13 25 12 19 11 21 30 26 14 22 6 18 2 20 16 10 3 32 28 1 
12.7472 1 4 27 9 5 8 31 17 21 30 26 14 22 10 3 32 6 18 20 16 2 23 15 24 7 29 13 25 12 19 11 28 1 
12.7472 1 4 27 9 5 8 31 17 21 30 26 14 22 10 3 32 6 18 20 16 2 23 15 24 7 29 13 25 12 19 11 28 1 
12.7472 1 4 27 9 5 8 31 17 21 30 26 14 22 10 3 32 6 18 20 16 2 23 15 24 7 29 13 25 12 19 11 28 1 
12.8501 1 4 27 9 2 8 31 17 23 15 24 7 29 13 25 12 5 19 11 21 30 26 14 22 10 3 32 6 18 20 16 28 1 
12.8564 1 4 27 9 5 8 31 17 23 15 24 7 29 13 25 12 19 11 21 30 26 14 22 10 3 32 28 6 18 20 16 2 1 
12.9313 1 4 27 9 16 8 31 17 23 15 24 7 29 13 25 5 12 19 11 21 30 26 14 22 10 3 32 6 18 20 2 28 1 
12.9379 1 4 27 9 12 19 11 21 30 26 14 22 10 3 32 5 8 31 17 23 15 24 7 29 13 25 6 18 20 16 2 28 1 
12.9379 1 4 27 9 12 19 11 21 30 26 14 22 10 3 32 5 8 31 17 23 15 24 7 29 13 25 6 18 20 16 2 28 1 
12.9379 1 4 27 9 12 19 11 21 30 26 14 22 10 3 32 5 8 31 17 23 15 24 7 29 13 25 6 18 20 16 2 28 1 
12.9379 1 4 27 9 12 19 11 21 30 26 14 22 10 3 32 5 8 31 17 23 15 24 7 29 13 25 6 18 20 16 2 28 1 
13.0118 1 4 27 9 5 8 31 17 23 15 24 7 29 13 25 12 30 19 11 22 28 14 26 21 10 3 32 6 18 20 16 2 1 
13.0606 1 4 27 9 5 14 31 17 23 15 24 7 29 13 25 12 19 11 21 30 26 8 22 10 3 32 6 18 20 16 2 28 1 
13.0884 1 4 27 9 5 8 31 17 23 15 11 21 30 26 14 22 10 3 32 6 18 20 16 2 28 19 24 7 29 13 25 12 1 
13.092 1 4 27 31 17 23 15 24 7 29 12 8 9 5 25 13 19 11 21 30 26 14 22 10 3 32 6 18 20 16 2 28 1 
13.1856 1 4 27 9 5 8 31 19 23 15 24 7 29 13 25 12 17 11 21 30 26 14 22 10 3 32 6 18 20 16 2 28 1 
13.2399 1 4 27 9 5 8 31 17 23 15 24 29 7 13 25 12 19 16 2 21 22 10 3 32 6 18 20 14 26 30 11 28 1 
13.4289 1 4 27 9 26 14 22 2 10 3 32 6 18 20 25 13 12 19 11 21 30 5 8 31 17 23 15 24 7 29 16 28 1 
13.4345 1 4 27 9 5 14 30 18 8 31 17 23 15 24 7 29 13 25 12 19 11 21 26 22 10 3 32 6 20 16 2 28 1 
13.5852 1 4 27 9 26 14 22 10 3 32 6 18 20 16 25 12 19 11 21 30 2 8 31 17 23 15 24 7 29 13 5 28 1 
13.6317 1 4 27 14 30 18 5 8 31 17 23 15 24 7 29 13 25 12 19 9 11 21 26 22 10 3 32 6 20 16 2 28 1 
13.6317 1 4 27 14 30 18 5 8 31 17 23 15 24 7 29 13 25 12 19 9 11 21 26 22 10 3 32 6 20 16 2 28 1 
13.6362 1 16 20 18 6 32 3 5 10 22 14 26 30 21 11 19 12 25 13 29 7 24 15 23 17 31 8 2 9 27 4 28 1 
13.7555 1 4 27 9 5 8 31 17 23 15 26 14 22 13 25 12 19 11 21 30 28 24 7 29 10 3 32 6 18 20 16 2 1 
13.8572 1 3 10 22 14 26 30 21 11 19 12 25 13 29 7 24 15 23 17 31 8 5 9 27 2 16 20 18 4 32 6 28 1 
13.9002 1 4 27 9 5 8 31 17 23 15 24 26 14 22 13 25 12 19 11 21 30 28 7 29 10 3 32 6 18 20 16 2 1 
14.0055 1 4 27 9 5 8 31 19 2 16 20 18 6 32 3 17 23 15 24 7 29 13 25 12 11 21 30 26 14 22 10 28 1 
14.015 1 4 27 9 5 8 31 17 23 15 24 7 29 13 25 12 19 11 21 30 26 14 22 10 3 16 32 2 6 18 20 28 1 
14.0292 1 4 27 9 5 8 31 17 23 15 24 7 29 13 25 16 12 19 11 21 30 26 14 22 10 3 32 2 6 18 20 28 1 
14.0406 1 4 27 9 5 8 31 17 23 15 26 14 22 13 25 12 19 11 21 16 28 20 18 6 32 3 10 29 7 24 30 2 1 
14.1036 1 4 27 31 26 14 22 10 3 32 6 18 20 16 25 12 19 11 21 30 17 23 15 24 7 29 13 8 9 5 2 28 1 
14.1036 1 4 27 31 26 14 22 10 3 32 6 18 20 16 25 12 19 11 21 30 17 23 15 24 7 29 13 8 9 5 2 28 1 
14.351 1 4 27 9 16 8 31 17 23 15 24 7 29 13 25 12 19 11 21 30 26 14 22 10 3 5 32 6 18 20 2 28 1 
14.3854 1 2 4 25 13 29 7 5 8 31 17 12 27 9 23 15 24 19 11 22 14 26 30 21 10 3 32 6 18 20 16 28 1 
14.4507 1 4 27 9 5 11 22 14 26 21 30 2 12 25 13 29 7 19 8 31 17 23 15 24 10 3 32 6 18 20 16 28 1 
14.5221 1 4 27 9 5 14 31 17 23 15 24 7 29 13 25 12 19 11 21 30 26 8 22 2 10 3 32 6 18 20 16 28 1 
14.5501 1 4 27 9 5 8 31 17 23 15 24 6 18 2 20 16 19 11 21 30 26 14 22 10 3 32 7 29 13 25 12 28 1 
14.6111 1 4 27 9 32 6 18 20 16 2 24 7 29 13 25 12 19 11 21 30 26 14 22 10 3 5 8 31 17 23 15 28 1 
14.6435 1 4 27 9 5 29 31 17 23 15 24 7 8 13 25 12 19 11 21 30 26 14 22 10 3 32 6 18 20 16 2 28 1 
14.6435 1 4 27 9 5 29 31 17 23 15 24 7 8 13 25 12 19 11 21 30 26 14 22 10 3 32 6 18 20 16 2 28 1 
14.6435 1 4 27 9 5 29 31 17 23 15 24 7 8 13 25 12 19 11 21 30 26 14 22 10 3 32 6 18 20 16 2 28 1 
14.6435 1 4 27 9 5 29 31 17 23 15 24 7 8 13 25 12 19 11 21 30 26 14 22 10 3 32 6 18 20 16 2 28 1 
14.6435 1 4 27 9 5 29 31 17 23 15 24 7 8 13 25 12 19 11 21 30 26 14 22 10 3 32 6 18 20 16 2 28 1 
14.6435 1 4 27 9 5 29 31 17 23 15 24 7 8 13 25 12 19 11 21 30 26 14 22 10 3 32 6 18 20 16 2 28 1 
14.6435 1 4 27 9 5 29 31 17 23 15 24 7 8 13 25 12 19 11 21 30 26 14 22 10 3 32 6 18 20 16 2 28 1 
14.7269 1 4 27 9 5 8 31 17 23 15 14 22 2 13 25 12 19 11 21 26 24 7 29 10 3 32 6 18 20 30 16 28 1 
14.8421 1 4 27 9 5 8 31 17 23 15 24 7 16 13 25 12 19 11 21 30 26 14 22 10 3 32 6 18 2 20 29 28 1 
15.0884 1 4 27 9 25 19 5 8 31 17 23 15 24 7 16 2 12 21 11 29 13 30 26 14 22 10 3 32 6 18 20 28 1 
15.1482 1 4 27 9 5 8 31 17 23 15 24 6 18 2 20 16 19 11 21 30 26 14 22 7 29 13 25 12 10 3 32 28 1 
15.4947 1 2 16 25 17 23 15 12 19 11 21 30 26 14 4 27 9 5 8 31 10 3 32 6 18 20 13 29 7 24 22 28 1 
15.6065 1 4 27 9 5 16 10 3 32 6 18 7 29 13 25 12 19 2 8 31 17 23 15 24 20 11 21 30 26 14 22 28 1 
15.7073 1 4 27 9 5 8 31 17 23 11 14 26 30 21 15 24 3 32 6 18 20 16 2 28 19 22 10 7 29 13 25 12 1 
15.7456 1 4 27 9 30 21 11 19 12 25 13 32 6 18 20 2 17 31 8 5 22 14 26 10 16 3 29 7 24 15 23 28 1 
15.8873 1 4 27 9 5 8 31 17 11 22 14 26 30 21 10 3 32 6 18 20 16 23 2 12 25 13 29 7 15 24 19 28 1 
15.9457 1 4 27 9 5 14 31 17 23 15 24 7 29 13 19 25 12 11 21 30 26 8 22 10 3 2 16 20 18 6 32 28 1 
16.007 1 4 27 9 12 8 31 17 23 15 24 6 18 2 20 16 19 11 21 30 26 14 22 10 3 32 7 29 13 25 5 28 1 
16.2254 1 4 27 9 32 6 18 20 16 2 24 7 29 13 25 12 19 5 21 30 26 14 22 8 31 17 23 15 11 10 3 28 1 
16.4055 1 4 27 9 5 8 31 17 23 2 12 32 6 18 20 16 25 19 11 21 30 26 14 22 10 3 15 24 7 29 13 28 1 
16.7065 1 4 27 9 5 8 31 17 11 22 14 26 30 21 10 3 32 6 18 20 16 23 2 12 25 13 29 19 24 15 7 28 1 
16.7852 1 4 27 17 5 8 31 9 23 11 21 30 26 14 22 2 10 15 24 7 29 13 19 3 32 6 18 20 25 12 16 28 1 
16.9761 1 4 27 9 32 6 18 20 16 2 13 29 7 24 15 23 19 11 21 30 26 14 22 10 3 5 8 31 17 12 25 28 1 
17.3814 1 4 27 9 31 21 11 19 12 6 2 16 20 18 8 5 17 23 15 24 7 29 13 26 30 32 3 10 22 14 25 28 1 
18.5037 1 4 27 9 32 6 18 20 16 11 21 30 26 14 22 10 3 5 8 31 17 23 15 28 19 2 24 7 29 13 25 12 1 
18.5964 1 4 27 9 5 21 30 26 14 22 2 29 7 13 25 8 31 32 6 18 20 16 24 12 19 11 10 3 17 23 15 28 1 
18.7995 1 4 19 22 10 3 32 6 18 20 16 27 8 31 17 23 15 24 7 29 9 5 13 25 12 2 21 28 11 14 26 30 1 
20.566 1 4 27 9 26 14 29 2 10 17 23 15 24 7 5 8 31 11 21 30 3 32 6 18 20 16 28 19 22 13 25 12 1 
