35.7835
34.2091
32.7279
31.1801
29.7797
28.424
27.2016
26.1143
25.3344
24.4599
23.6585
23.0809
22.2548
21.3457
20.7871
20.2274
19.8583
19.3767
19.1397
18.9534
18.7341
18.4452
18.174
17.9366
17.5849
17.3758
17.0579
16.8399
16.3272
16.2287
15.8922
15.7168
15.4208
15.2632
14.9055
14.5981
14.5177
14.4263
14.2982
14.3586
14.564
14.5614
14.5359
14.577
14.4906
14.2857
14.1867
14.0663
13.7955
13.7207
13.5236
13.2761
13.2042
13.1949
13.1291
13.245
13.0309
13.1683
13.0058
12.9952
12.8
12.597
12.726
12.7165
12.6865
12.6881
12.6558
12.6902
12.7725
12.7716
12.8321
12.7417
12.9
12.884
12.819
12.8547
12.7496
12.7432
12.5381
12.5542
12.4754
12.3509
12.1721
12.0101
11.8629
11.7906
11.7089
11.7893
11.7518
11.8778
11.7172
11.7096
11.6912
11.6875
11.6112
11.6558
11.6304
11.4836
11.2634
11.4222
11.3164
11.3031
11.29
11.3748
11.4353
11.5147
11.3959
11.5177
11.5992
11.5492
11.3419
11.3766
11.4946
11.548
11.6732
11.8594
11.7663
11.5177
11.4312
11.3804
11.4672
11.4759
11.3023
11.1193
11.2366
11.2709
11.3439
11.2095
11.0533
11.0103
10.9982
10.9223
10.8205
10.9749
11.0082
10.8179
10.7319
10.7243
10.753
10.695
10.6256
10.6004
10.5301
10.3584
10.475
10.5119
10.4442
10.3387
10.4791
10.4216
10.3995
10.2639
10.1546
10.2337
10.1927
10.1664
10.3043
10.3571
10.367
10.3666
10.3478
10.376
10.2166
10.1068
10.3005
10.4775
10.3757
10.3676
10.5113
10.2071
10.1888
10.1803
10.2368
10.2558
10.2925
10.223
10.4576
10.4714
10.464
10.4133
10.3141
10.3447
10.17
10.1179
10.1387
10.2184
10.168
10.1834
10.1695
10.1665
10.1832
10.3637
10.2225
10.2805
10.1985
10.2057
10.2612
10.1067
10.3191
10.2634
10.1062
10.145
10.0833
10.113
10.1796
10.2148
10.0803
10.1181
10.13
10.0282
9.87763
9.83166
9.73798
9.66063
9.66367
9.72732
9.59728
9.49655
9.44245
9.3766
9.45304
9.46548
9.43549
9.43478
9.39216
9.38617
9.3778
9.34052
9.37326
9.31779
9.3149
9.36217
9.19735
9.13073
9.1982
9.17162
9.29678
9.38118
9.20957
9.10465
9.0063
8.92561
9.01949
9.011
9.02824
9.00417
8.97954
9.07405
9.06027
9.03365
9.03683
9.11518
9.09945
8.97017
9.00051
8.97181
8.90707
9.10055
9.0259
8.93384
8.88428
8.8529
8.94334
9.00398
8.95226
8.9687
9.10392
9.05124
8.96956
8.9314
8.98311
8.99129
8.99046
9.07834
8.97375
9.02297
9.05012
8.96168
8.89073
9.07603
9.02493
9.10482
9.00024
9.08176
9.0693
8.88649
9.00418
9.03418
9.04974
8.97804
8.96617
8.91354
8.89462
8.84244
8.82478
8.92141
8.93513
8.93313
8.97386
9.03267
8.99446
8.91887
8.73581
8.78413
8.81595
8.85613
8.9875
9.11368
9.28035
9.1389
9.17485
9.0856
9.17564
9.12748
9.12871
9.10246
9.19637
9.30566
9.22752
9.45882
9.55144
9.43817
9.33476
9.23202
9.29803
9.29319
9.16262
9.20855
9.21321
9.20758
9.28354
9.45895
9.47146
9.5875
9.55209
9.42538
9.29867
9.36581
9.46895
9.31151
9.40842
9.28111
9.15719
9.18489
9.12284
9.35648
9.31004
9.33006
9.41471
9.38001
9.54282
9.5553
9.43273
9.44376
9.4375
9.33597
9.21426
9.15043
9.47678
9.42032
9.31961
9.31315
9.32635
9.40861
9.45648
9.64414
9.40029
9.39164
9.4403
9.53297
9.43279
9.48502
9.40301
9.4054
9.55811
9.62017
9.47452
9.40758
9.35116
9.35137
9.3252
9.40406
9.31711
9.3444
9.21819
9.22479
9.31417
9.39331
9.24439
9.44866
9.36206
9.38932
9.31728
9.32622
9.42462
9.34596
9.35429
9.25576
9.0227
8.84005
8.744
8.47514
8.45048
8.25577
8.20999
8.10187
7.92751
7.92676
8.13631
7.96108
7.96196
7.94815
7.8975
7.92594
7.65942
7.76133
7.72491
7.78214
7.78847
7.65134
7.59803
7.46076
7.46459
7.34613
7.4879
7.45171
7.46254
7.46923
7.33506
7.44139
7.72414
7.61099
7.59546
7.67804
7.72483
7.50698
7.36733
7.33169
7.355
7.30192
7.25808
7.32125
7.21332
7.24938
7.26861
7.29155
7.29866
7.23517
7.13429
7.015
7.06938
6.965
6.9174
6.98156
7.06939
7.04366
6.95013
6.88116
6.96614
6.94234
6.99399
6.88642
6.99443
6.99663
6.82291
6.90775
7.21371
7.09038
7.07411
7.07988
7.05879
7.03513
7.16554
7.20106
7.17397
7.08906
7.26568
7.2325
7.13138
7.11876
7.15344
7.18815
7.2666
7.19795
7.19263
7.1348
7.1216
7.16056
7.06491
7.12083
7.03622
7.02513
7.02429
7.08748
7.1342
7.07346
7.21969
7.12663
7.06257
7.19841
7.23457
7.25084
7.25379
7.06907
7.16991
7.23369
7.12569
7.12557
7.12857
7.21659
7.26575
7.26493
7.31356
7.10233
7.23293
7.23028
7.38695
7.23746
7.21228
7.3867
7.39225
7.49879
7.36758
7.4527
7.50747
7.40405
7.33825
7.36705
7.46273
7.35272
7.2088
7.31994
7.40851
7.35741
7.30771
7.21472
7.23609
7.18763
7.34111
7.34442
7.33928
7.27172
7.40658
7.29792
7.37309
7.39333
7.37224
7.40906
7.42864
7.38714
7.49017
7.44156
7.67307
7.61475
7.62446
7.41303
7.34575
7.28593
7.33103
7.2996
7.14355
7.19635
7.33309
7.51472
7.46478
7.43592
7.44591
7.29938
7.22121
7.20357
7.32417
7.38432
7.32469
7.49781
7.62135
7.70417
7.76055
7.77684
7.67282
7.78692
7.74903
7.65199
7.85
7.7978
7.95769
7.73504
7.81276
8.09349
8.05766
7.74398
7.86692
7.71813
7.55327
7.48035
7.5102
7.63339
7.59555
7.53883
7.33669
7.46032
7.6553
7.62284
7.71019
7.69518
7.59162
7.52553
7.47593
7.41942
7.57115
7.6508
7.64288
7.53073
7.48314
7.55589
7.55975
7.4245
7.41839
7.45041
7.33165
7.35298
7.61509
7.62293
7.70265
7.64435
7.62286
7.47112
7.54912
7.49746
7.54398
7.67758
7.67383
7.709
7.71856
7.7836
7.71394
7.86228
7.71759
7.74963
7.87474
7.87089
7.89536
7.75228
7.71906
7.73002
7.70179
7.6115
7.51858
7.40055
7.3271
7.24113
7.4623
7.54688
7.48878
7.51176
7.66444
7.51962
7.37899
7.4587
7.70451
7.7394
7.7128
7.80817
7.74143
7.50958
7.66784
7.74275
7.75248
7.79593
7.7729
7.66745
7.62231
7.57016
7.61109
7.60717
7.5692
7.76725
7.5576
7.51613
7.35905
7.34806
7.26095
7.3141
7.29764
7.5412
7.54767
7.4238
7.49316
7.40895
7.37003
7.24519
7.22088
7.33063
7.43447
7.53413
7.43896
7.38294
7.2806
7.38901
7.34327
7.45972
7.48862
7.6138
7.35218
7.57018
7.42729
7.32543
7.36796
7.53389
7.46806
7.50796
7.57575
7.43349
7.37578
7.37499
7.25293
7.06375
7.15659
7.22964
7.5737
7.45483
7.54992
7.5864
7.3881
7.47927
7.44891
7.26626
7.38019
7.35959
7.29086
7.47069
7.392
7.59134
7.46708
7.72728
7.62842
7.54359
7.62146
7.69135
7.62177
7.59394
7.50994
7.40314
7.47568
7.454
7.51512
7.57517
7.63804
7.60992
7.61474
7.56505
7.50981
7.57123
7.62813
7.53024
7.41951
7.52338
7.53666
7.42833
7.46158
7.78754
7.6087
7.65189
7.60963
7.76872
7.70684
7.74642
7.83981
7.80056
7.68026
7.61652
7.5095
7.64954
7.54829
7.6301
7.6072
7.69332
7.65531
7.52997
7.45259
7.41291
7.47993
7.40334
7.39677
7.41062
7.59396
7.47778
7.43964
7.44859
7.566
7.6175
7.45589
7.58709
7.46282
7.40646
7.63279
7.67323
7.68918
7.44719
7.58461
7.42212
7.53599
7.62409
7.47415
7.36677
7.43371
7.63773
7.4979
7.41782
7.38291
7.49381
7.55364
7.49023
7.42311
7.30978
7.37136
7.25931
7.30089
7.36002
7.3009
7.21029
7.37469
7.2629
7.24282
7.24469
7.32838
7.33079
7.45997
7.32124
7.35997
7.25838
7.3412
7.35916
7.3693
7.48942
7.36761
7.33226
7.3275
7.43252
7.37655
7.4326
7.28762
7.14633
7.17195
7.11537
6.99428
7.02593
7.04721
7.28415
7.31383
7.11412
7.06556
7.17054
7.03111
7.08902
7.09732
7.20028
7.27727
7.3102
7.26935
7.52512
7.54459
7.39085
7.40007
7.50089
7.55446
7.43601
7.21065
7.39199
7.26544
7.37501
7.31545
7.19701
7.32647
7.22385
7.18919
7.25743
7.19224
7.343
7.34248
7.42237
7.46903
7.63125
7.51223
7.31312
7.37407
7.54355
7.5957
7.58579
7.66527
7.69926
7.75034
7.86054
7.82227
7.74855
7.62423
7.61903
7.4801
7.48355
7.39325
7.53608
7.58804
7.42739
7.56121
7.4759
7.51953
7.53248
7.60916
7.64125
7.66847
7.70592
7.64153
7.64341
7.50366
7.46006
7.27733
7.45924
7.4732
7.36672
7.75988
7.51736
7.71944
7.60473
7.54
7.50395
7.60417
7.58556
7.75982
7.48951
7.48453
7.58544
7.584
7.54366
7.54792
7.71973
7.61561
7.41019
7.21821
7.18739
7.19223
7.16938
7.22002
7.03542
7.13484
7.08843
7.24975
7.16511
7.23369
7.17337
7.18575
7.39186
7.58482
7.53075
7.27082
7.25293
7.16811
7.23977
7.1894
7.22905
7.24615
7.33059
7.31591
7.36426
7.4083
7.49396
7.43381
7.33475
7.48085
7.41411
7.27525
7.23495
7.20377
7.00541
6.98574
6.92816
7.04343
7.07731
7.1984
7.30097
7.12433
7.19683
7.15588
7.21694
7.23998
7.36087
7.32498
7.44367
7.48748
7.38973
7.30914
7.44216
7.36112
7.45905
7.37571
7.3809
7.36671
7.45178
7.38508
7.51758
7.57743
7.50629
