30.6601
29.8404
29.0741
28.2942
27.3911
26.5777
25.7189
24.9796
24.2021
23.4608
22.8617
22.1012
21.3788
20.7355
20.184
19.8381
19.4867
19.1234
18.8082
18.4276
18.0494
17.6301
17.2599
16.9144
16.6539
16.4116
16.3137
16.2999
16.1507
16.0389
15.8485
15.6316
15.3767
15.1191
14.8074
14.5957
14.4591
14.1887
13.9833
13.7782
13.6079
13.4963
13.3745
13.2977
13.2621
13.1541
12.9706
12.8082
12.6026
12.5179
12.3786
12.3738
12.3672
12.2071
12.1933
12.1275
12.0899
12.0761
12.042
12.0255
11.9107
11.7721
11.7902
11.7983
11.7883
11.8063
11.7156
11.674
11.6385
11.5717
11.6125
11.5645
11.5522
11.5404
11.4578
11.4296
11.4954
11.374
11.3284
11.4227
11.4728
11.4484
11.3791
11.3682
11.3468
11.371
11.3877
11.4389
11.4916
11.5584
11.6808
11.6618
11.5866
11.635
11.5679
11.4667
11.4401
11.433
11.3536
11.3645
11.4397
11.37
11.3597
11.3298
11.2879
11.302
11.3478
11.406
11.5113
11.3871
11.3185
11.2985
11.3256
11.3302
11.244
11.3076
11.2427
11.2911
11.2473
11.2187
11.3061
11.302
11.3127
11.2
11.1978
11.1937
11.285
11.31
11.2199
11.1556
11.1507
11.1784
11.193
11.1808
11.2106
11.1897
11.1302
11.1146
11.1519
11.1604
11.1588
11.0912
11.0975
11.0252
10.9752
10.944
10.9703
11.0381
10.9958
11.0974
11.04
11.0315
11.0455
11.0754
11.0163
11.0411
11.1173
11.0549
11.0512
10.9751
11.0018
11.0555
10.9988
11.0377
10.9954
11.0696
10.9564
10.9573
10.9862
10.9068
10.9354
10.8532
10.9042
10.9039
11.0231
11.0135
11.0442
11.021
10.9825
10.9693
11.0643
11.0767
10.9967
10.9895
11.0053
11.0544
11.0393
10.9932
10.9931
10.9108
10.9127
10.9184
10.9161
10.9597
11.0075
11.0389
11.0061
10.9787
10.9951
11.0359
10.9177
10.9622
10.9168
10.9329
10.9241
10.9507
10.8897
10.9751
10.9849
10.9551
10.9902
11.0471
10.9174
10.9317
10.9403
10.985
10.9097
10.999
10.988
11.0069
11.0617
11.1247
11.178
11.2033
11.0392
11.0398
11.0616
11.0457
11.0468
11.036
10.9158
10.9487
10.8907
10.8403
10.8793
10.9492
11.0657
11.0607
11.0619
11.0089
10.9472
10.9627
10.9467
10.8791
10.8943
10.9376
10.954
10.9377
10.898
10.8931
10.9332
10.9919
10.9012
10.9686
10.9144
10.8984
10.8471
10.8511
10.8551
10.7839
10.7911
10.8089
10.8305
10.8432
10.8554
10.9429
10.918
10.8363
10.7677
10.8067
10.8386
10.8301
10.7934
10.7733
10.778
10.8819
10.9515
10.8748
10.8694
10.8981
10.8234
10.8918
10.8748
10.8469
10.8911
10.8784
10.8691
10.9477
10.9763
11.0178
11.0137
10.8851
10.8768
10.9712
10.9975
11.0127
11.0995
11.2652
11.3688
11.4341
11.4361
11.5714
11.5475
11.6729
11.6534
11.5949
11.5685
11.5338
11.4358
11.3119
11.3011
11.0909
11.0662
10.9825
10.8887
10.8691
10.775
10.7697
10.6596
10.7606
10.6976
10.6061
10.6127
10.5839
10.6615
10.6899
10.6524
10.6087
10.5943
10.6121
10.613
10.6223
10.6882
10.729
10.6136
10.6058
10.6014
10.6092
10.6735
10.6226
10.6933
10.7526
10.7063
10.7686
10.7298
10.7284
10.6867
10.637
10.6909
10.709
10.8125
10.839
10.731
10.739
10.7802
10.7595
10.7656
10.7458
10.7973
10.7417
10.7018
10.7269
10.6637
10.6766
10.7067
10.6366
10.5805
10.6683
10.7401
10.6961
10.708
10.8378
10.7881
10.7923
10.8227
10.7678
10.626
10.7258
10.6736
10.6667
10.6342
10.6555
10.6175
10.6033
10.5409
10.5767
10.6009
10.6511
10.5418
10.655
10.7023
10.7834
10.7298
10.7958
10.8624
10.8946
10.9692
10.8635
10.8139
10.7277
10.7167
10.6923
10.7457
10.7005
10.6336
10.6424
10.6031
10.5953
10.7257
10.6282
10.6657
10.6683
10.6783
10.7217
10.659
10.6007
10.548
10.5456
10.5714
10.6084
10.6537
10.5269
10.5605
10.53
10.6626
10.6166
10.6053
10.4885
10.6129
10.6088
10.6484
10.7188
10.6834
10.7364
10.7623
10.7266
10.718
10.6981
10.8472
10.6179
10.6361
10.7172
10.6776
10.6301
10.5892
10.633
10.5628
10.596
10.6597
10.6538
10.6635
10.6024
10.5557
10.5275
10.5567
10.5161
10.5342
10.5123
10.581
10.5789
10.5893
10.5998
10.637
10.6276
10.4745
10.493
10.629
10.5509
10.5628
10.6231
10.5255
10.5286
10.6172
10.5213
10.5179
10.4781
10.5094
10.4733
10.4303
10.4721
10.4839
10.4655
10.5003
10.4321
10.4098
10.3739
10.3998
10.3207
10.3107
10.2672
10.266
10.2798
10.263
10.3038
10.2337
10.2952
10.3738
10.3651
10.4001
10.5178
10.4317
10.4547
10.4247
10.3418
10.3766
10.4256
10.4239
10.4666
10.4649
10.4562
10.4752
10.4256
10.4334
10.404
10.4171
10.4044
10.4744
10.4682
10.5141
10.5056
10.4029
10.4344
10.3927
10.511
10.5511
10.5041
10.555
10.5149
10.5095
10.4604
10.5364
10.4769
10.4096
10.4119
10.3709
10.3753
10.3288
10.2403
10.3109
10.3509
10.3077
10.347
10.371
10.3597
10.387
10.3336
10.2862
10.2542
10.2156
10.2584
10.2765
10.2576
10.3341
10.3064
10.3678
10.3967
10.4148
10.4208
10.4068
10.3877
10.4352
10.4764
10.4902
10.4921
10.4406
10.4271
10.3974
10.4073
10.4311
10.4437
10.4306
10.4522
10.4204
10.4597
10.6109
10.6103
10.6872
10.6151
10.6715
10.6121
10.6128
10.6949
10.7426
10.7329
10.7259
10.5466
10.6298
10.7059
10.6346
10.6112
10.7095
10.64
10.5703
10.5587
10.5555
10.6154
10.6577
10.705
10.695
10.5839
10.5953
10.5863
10.6246
10.594
10.6053
10.5585
10.5413
10.555
10.6092
10.6849
10.6727
10.6617
10.6966
10.8194
10.85
10.859
10.7682
10.8265
10.8036
10.8458
10.8722
10.9102
10.88
10.9182
10.8122
10.8246
10.7459
10.8107
10.7522
10.701
10.7571
10.6882
10.8767
10.8759
10.8062
10.8283
10.7742
10.8154
10.7487
10.7772
10.7507
10.6484
10.5554
10.6305
10.576
10.5427
10.6417
10.5487
10.5481
10.5138
10.5622
10.6671
10.6523
10.5522
10.6012
10.6648
10.6238
10.5842
10.5777
10.5052
10.5851
10.5889
10.5678
10.5981
10.689
10.6711
10.6319
10.6591
10.6391
10.5143
10.558
10.5889
10.6046
10.5908
10.6465
10.7653
10.7399
10.6705
10.6435
10.8035
10.8005
10.7941
10.7032
10.6762
10.6199
10.641
10.5669
10.5704
10.5593
10.4808
10.4799
10.5647
10.602
10.5194
10.57
10.568
10.6085
10.6612
10.6515
10.6033
10.6884
10.6461
10.6066
10.5729
10.5609
10.5287
10.5528
10.5085
10.5087
10.6306
10.7029
10.649
10.6057
10.5717
10.5202
10.4683
10.5118
10.5644
10.6562
10.6361
10.6436
10.6049
10.6429
10.6137
10.6529
10.6741
10.6727
10.623
10.5668
10.5414
10.5044
10.5485
10.6426
10.6492
10.6747
10.6819
10.6641
10.625
10.6206
10.6605
10.5295
10.5159
10.5079
10.6304
10.614
10.6092
10.5714
10.5097
10.5308
10.4947
10.5047
10.7164
10.7559
10.7259
10.6547
10.7217
10.6148
10.6452
10.5873
10.6053
10.5669
10.6085
10.6028
10.693
10.7136
10.8312
10.8253
10.7966
10.7644
10.842
10.7616
10.7294
10.8117
10.7408
10.7268
10.738
10.7268
10.7272
10.6973
10.6601
10.7011
10.6001
10.6304
10.6825
10.7852
10.6953
10.593
10.5455
10.5465
10.586
10.5662
10.5684
10.5311
10.584
10.653
10.5831
10.565
10.5748
10.5649
10.5624
10.559
10.6029
10.5137
10.4516
10.4104
10.4965
10.4323
10.4797
10.5502
10.6482
10.6989
10.5095
10.5571
10.5499
10.579
10.5814
10.488
10.4717
10.4701
10.3634
10.3851
10.3968
10.5186
10.5492
10.6312
10.5971
10.6119
10.574
10.5849
10.5651
10.6114
10.5597
10.6332
10.6252
10.5871
10.6455
10.6504
10.733
10.578
10.5999
10.7381
10.645
10.6627
10.6309
10.565
10.5766
10.5586
10.665
10.6197
10.5928
10.6616
10.6854
10.6401
10.7033
10.6363
10.7498
10.7705
10.7084
10.7791
10.6664
10.7427
10.6242
10.5909
10.5942
10.5563
10.5737
10.4363
10.4035
10.413
10.4771
10.4455
10.4152
10.476
10.4345
10.4673
10.5097
10.4104
10.4752
10.4481
10.4191
10.42
10.4729
10.3992
10.4087
10.4455
10.4655
10.4826
10.547
10.5721
10.6291
10.5192
10.6046
10.5415
10.578
10.5551
10.5424
10.4835
10.6045
10.522
10.6275
10.5512
10.5252
10.5737
10.5214
10.5582
10.5767
10.5619
10.6126
10.5832
10.5686
10.4926
10.5306
10.5421
10.4745
10.3543
10.41
10.4244
10.4402
10.5474
10.5137
10.6014
10.5448
10.4646
10.4452
10.5464
10.4747
10.529
10.4327
10.4185
10.4606
10.4189
10.4688
10.5124
10.5057
10.5024
10.5056
10.4333
10.4235
10.4843
10.4812
10.4835
10.4458
10.5509
10.5318
10.4905
10.5603
10.5465
10.5573
10.5074
10.4729
10.5915
10.5747
10.5406
10.5753
10.469
10.4341
10.539
10.5888
10.5456
10.6658
10.7397
10.6819
10.7676
10.8032
10.8282
10.7899
10.8066
10.7377
10.6403
10.6933
10.7343
10.7562
10.5847
10.613
10.6406
10.6651
10.6314
10.6761
10.6149
10.6416
10.61
10.6681
10.5897
10.4702
10.5266
10.5437
10.5244
10.5075
10.5396
10.5455
10.5703
10.4223
10.4314
10.4439
10.4666
10.4364
10.5311
10.5413
10.5581
10.5885
