27.7577 1 2 3 4 5 6 7 8 9 10 11 12 13 14 15 16 20 18 19 17 21 22 23 24 25 26 27 32 29 30 31 28 1 
26.9956 1 2 3 4 5 19 7 8 9 10 11 12 13 14 6 15 16 32 18 20 21 22 23 24 25 26 27 28 29 30 31 17 1 
26.1529 1 2 3 4 5 19 7 8 9 10 11 12 13 14 6 15 16 32 18 22 20 17 23 24 21 25 26 27 28 29 30 31 1 
24.757 1 2 3 22 26 27 4 5 6 7 30 29 32 25 24 17 8 9 10 11 12 13 14 15 16 18 20 21 19 28 23 31 1 
23.8001 1 2 17 4 5 3 6 7 22 9 10 11 12 13 14 15 16 20 18 19 21 26 27 8 23 24 25 32 29 30 31 28 1 
22.7563 1 2 17 4 5 31 30 29 32 25 24 23 8 27 26 21 19 18 20 16 15 14 13 12 11 10 9 22 7 6 3 28 1 
21.9899 1 2 3 32 4 5 17 7 8 9 23 24 12 13 14 6 10 11 15 16 18 20 19 21 26 27 22 25 29 30 31 28 1 
21.5416 1 2 3 4 21 19 7 8 9 17 5 31 30 29 32 25 24 23 27 26 18 20 22 6 10 11 12 13 14 15 16 28 1 
21.4222 1 2 3 32 4 17 5 31 30 29 25 24 23 8 27 26 21 19 18 7 9 12 13 14 6 10 11 15 16 20 22 28 1 
19.7887 1 2 3 32 4 21 19 7 8 9 17 5 31 30 29 25 24 23 27 26 18 20 22 6 10 11 12 13 14 15 16 28 1 
19.1471 1 2 3 32 4 17 5 31 30 29 25 24 23 8 27 26 21 19 12 13 14 15 9 10 11 7 6 16 22 20 18 28 1 
18.7183 1 2 17 4 5 31 30 3 32 18 6 22 20 16 7 29 25 24 23 8 27 26 21 19 15 14 13 12 11 10 9 28 1 
17.9445 1 2 3 32 6 16 22 20 18 7 11 10 9 15 14 13 12 19 21 26 27 8 23 24 25 29 30 31 5 17 4 28 1 
17.9445 1 2 3 32 6 16 22 20 18 7 11 10 9 15 14 13 12 19 21 26 27 8 23 24 25 29 30 31 5 17 4 28 1 
17.8838 1 2 3 32 6 16 22 20 18 7 11 10 9 15 30 29 25 24 23 8 27 26 21 19 12 13 14 31 5 17 4 28 1 
17.5824 1 2 10 6 22 14 3 32 18 20 16 7 11 9 15 13 12 19 21 26 27 8 23 24 25 29 30 31 5 17 4 28 1 
17.0182 1 2 3 32 6 16 22 10 14 18 20 7 11 9 15 13 12 19 21 26 27 8 23 24 25 29 30 31 5 17 4 28 1 
16.7973 1 2 3 32 6 16 22 20 18 14 13 12 19 21 26 27 8 23 24 7 11 10 9 15 25 29 30 31 5 17 4 28 1 
15.4104 1 2 3 32 6 16 22 20 18 14 13 12 19 21 26 27 8 17 23 15 9 10 11 24 25 29 7 30 31 5 4 28 1 
15.4104 1 2 3 32 6 16 22 20 18 14 13 12 19 21 26 27 8 17 23 15 9 10 11 24 25 29 7 30 31 5 4 28 1 
15.2986 1 2 22 3 32 6 16 20 18 14 13 12 19 21 26 27 8 17 23 15 9 10 11 24 25 29 7 30 31 5 4 28 1 
15.2986 1 2 22 3 32 6 16 20 18 14 13 12 19 21 26 27 8 17 23 15 9 10 11 24 25 29 7 30 31 5 4 28 1 
14.8047 1 2 10 3 32 6 16 22 20 18 14 13 12 19 21 26 27 8 17 23 15 9 11 24 25 29 7 30 31 5 4 28 1 
14.7571 1 28 2 3 32 6 16 22 10 14 18 20 25 11 9 31 24 15 30 29 7 13 12 19 21 26 27 8 17 23 5 4 1 
14.4155 1 4 10 3 32 6 18 22 20 16 14 13 12 19 21 26 27 8 17 23 15 9 11 24 25 29 7 30 31 5 2 28 1 
14.4155 1 4 10 3 32 6 18 22 20 16 14 13 12 19 21 26 27 8 17 23 15 9 11 24 25 29 7 30 31 5 2 28 1 
14.2345 1 2 4 10 3 32 6 18 22 20 16 14 13 12 19 21 26 27 8 17 23 15 9 11 24 25 29 7 30 31 5 28 1 
14.2345 1 2 4 10 3 32 6 18 22 20 16 14 13 12 19 21 26 27 8 17 23 15 9 11 24 25 29 7 30 31 5 28 1 
14.2345 1 2 4 10 3 32 6 18 22 20 16 14 13 12 19 21 26 27 8 17 23 15 9 11 24 25 29 7 30 31 5 28 1 
14.088 1 2 4 10 3 32 6 18 22 20 16 14 13 12 19 21 7 29 25 24 11 9 15 23 17 8 27 26 30 31 5 28 1 
13.944 1 2 4 10 3 32 6 18 22 20 16 14 13 11 24 25 29 7 12 19 21 26 27 15 5 8 17 23 9 30 31 28 1 
13.4951 1 2 4 10 3 32 6 18 22 20 16 14 13 11 24 25 29 7 12 19 21 26 27 8 17 23 15 9 30 31 5 28 1 
13.1503 1 2 4 10 3 32 6 18 22 20 16 14 26 21 19 12 13 7 29 25 24 11 9 15 23 17 8 27 30 31 5 28 1 
13.1503 1 2 4 10 3 32 6 18 22 20 16 14 26 21 19 12 13 7 29 25 24 11 9 15 23 17 8 27 30 31 5 28 1 
13.1503 1 2 4 10 3 32 6 18 22 20 16 14 26 21 19 12 13 7 29 25 24 11 9 15 23 17 8 27 30 31 5 28 1 
12.8259 1 2 4 10 3 32 6 18 22 20 16 14 26 21 19 12 13 7 29 25 24 11 9 27 8 17 23 15 30 31 5 28 1 
12.8259 1 2 4 10 3 32 6 18 22 20 16 14 26 21 19 12 13 7 29 25 24 11 9 27 8 17 23 15 30 31 5 28 1 
12.8259 1 2 4 10 3 32 6 18 22 20 16 14 26 21 19 12 13 7 29 25 24 11 9 27 8 17 23 15 30 31 5 28 1 
12.7773 1 2 4 10 3 32 6 18 22 20 16 14 26 21 19 12 13 7 29 25 24 11 9 15 30 27 8 17 23 31 5 28 1 
12.4741 1 2 4 10 3 32 6 18 22 20 16 14 26 21 19 12 13 7 29 25 24 15 23 17 8 27 9 11 30 31 5 28 1 
12.2707 1 2 4 10 3 32 6 18 22 20 16 14 26 30 27 9 11 24 25 29 7 13 12 19 21 15 23 17 8 31 5 28 1 
12.2707 1 2 4 10 3 32 6 18 22 20 16 14 26 30 27 9 11 24 25 29 7 13 12 19 21 15 23 17 8 31 5 28 1 
12.175 1 2 4 10 3 32 6 18 22 20 16 14 26 21 30 27 9 11 24 25 29 7 13 12 19 15 23 17 8 31 5 28 1 
12.1023 1 2 4 10 3 32 6 18 22 20 16 14 26 21 19 12 13 7 29 25 24 11 30 27 9 15 23 17 8 31 5 28 1 
11.6963 1 2 4 10 3 32 6 18 22 20 16 14 26 30 27 9 11 21 19 12 13 7 29 25 24 15 23 17 8 31 5 28 1 
11.6178 1 2 4 10 3 32 6 18 22 20 16 14 26 21 30 27 9 11 19 12 13 7 29 25 24 15 23 17 8 31 5 28 1 
11.6178 1 2 4 10 3 32 6 18 22 20 16 14 26 21 30 27 9 11 19 12 13 7 29 25 24 15 23 17 8 31 5 28 1 
11.6178 1 2 4 10 3 32 6 18 22 20 16 14 26 21 30 27 9 11 19 12 13 7 29 25 24 15 23 17 8 31 5 28 1 
11.4459 1 2 4 10 3 32 6 18 22 20 16 14 26 30 27 9 21 11 19 12 13 7 29 25 24 15 23 17 8 31 5 28 1 
11.4459 1 2 4 10 3 32 6 18 22 20 16 14 26 30 27 9 21 11 19 12 13 7 29 25 24 15 23 17 8 31 5 28 1 
11.4459 1 2 4 10 3 32 6 18 22 20 16 14 26 30 27 9 21 11 19 12 13 7 29 25 24 15 23 17 8 31 5 28 1 
11.2514 1 2 4 10 3 32 6 18 22 20 16 14 26 30 27 9 21 11 19 12 25 29 13 7 24 15 23 17 8 31 5 28 1 
11.2514 1 2 4 10 3 32 6 18 22 20 16 14 26 30 27 9 21 11 19 12 25 29 13 7 24 15 23 17 8 31 5 28 1 
11.2514 1 2 4 10 3 32 6 18 22 20 16 14 26 30 27 9 21 11 19 12 25 29 13 7 24 15 23 17 8 31 5 28 1 
11.2514 1 2 4 10 3 32 6 18 22 20 16 14 26 30 27 9 21 11 19 12 25 29 13 7 24 15 23 17 8 31 5 28 1 
11.18 1 2 4 10 3 32 6 18 22 20 16 14 26 30 27 9 21 11 19 12 25 29 13 7 24 15 23 17 31 8 5 28 1 
10.9949 1 2 4 10 3 32 6 18 22 20 16 14 26 9 27 30 21 11 19 12 25 29 13 7 24 15 23 17 8 31 5 28 1 
10.9949 1 2 4 10 3 32 6 18 22 20 16 14 26 9 27 30 21 11 19 12 25 29 13 7 24 15 23 17 8 31 5 28 1 
10.9949 1 2 4 10 3 32 6 18 22 20 16 14 26 9 27 30 21 11 19 12 25 29 13 7 24 15 23 17 8 31 5 28 1 
10.9236 1 2 4 10 3 32 6 18 22 20 16 14 26 9 27 30 21 11 19 12 25 29 13 7 24 15 23 17 31 8 5 28 1 
10.9236 1 2 4 10 3 32 6 18 22 20 16 14 26 9 27 30 21 11 19 12 25 29 13 7 24 15 23 17 31 8 5 28 1 
10.8859 1 2 4 10 3 32 6 18 22 20 16 14 26 9 27 30 21 11 19 12 25 13 29 7 24 15 23 17 8 31 5 28 1 
10.8146 1 2 4 10 3 32 6 18 22 20 16 14 26 9 27 30 21 11 19 12 25 13 29 7 24 15 23 17 31 8 5 28 1 
10.8146 1 2 4 10 3 32 6 18 22 20 16 14 26 9 27 30 21 11 19 12 25 13 29 7 24 15 23 17 31 8 5 28 1 
10.8146 1 2 4 10 3 32 6 18 22 20 16 14 26 9 27 30 21 11 19 12 25 13 29 7 24 15 23 17 31 8 5 28 1 
10.8146 1 2 4 10 3 32 6 18 22 20 16 14 26 9 27 30 21 11 19 12 25 13 29 7 24 15 23 17 31 8 5 28 1 
10.8146 1 2 4 10 3 32 6 18 22 20 16 14 26 9 27 30 21 11 19 12 25 13 29 7 24 15 23 17 31 8 5 28 1 
10.8146 1 2 4 10 3 32 6 18 22 20 16 14 26 9 27 30 21 11 19 12 25 13 29 7 24 15 23 17 31 8 5 28 1 
10.8146 1 2 4 10 3 32 6 18 22 20 16 14 26 9 27 30 21 11 19 12 25 13 29 7 24 15 23 17 31 8 5 28 1 
10.8146 1 2 4 10 3 32 6 18 22 20 16 14 26 9 27 30 21 11 19 12 25 13 29 7 24 15 23 17 31 8 5 28 1 
10.8146 1 2 4 10 3 32 6 18 22 20 16 14 26 9 27 30 21 11 19 12 25 13 29 7 24 15 23 17 31 8 5 28 1 
10.8146 1 2 4 10 3 32 6 18 22 20 16 14 26 9 27 30 21 11 19 12 25 13 29 7 24 15 23 17 31 8 5 28 1 
10.8146 1 2 4 10 3 32 6 18 22 20 16 14 26 9 27 30 21 11 19 12 25 13 29 7 24 15 23 17 31 8 5 28 1 
10.8146 1 2 4 10 3 32 6 18 22 20 16 14 26 9 27 30 21 11 19 12 25 13 29 7 24 15 23 17 31 8 5 28 1 
10.8146 1 2 4 10 3 32 6 18 22 20 16 14 26 9 27 30 21 11 19 12 25 13 29 7 24 15 23 17 31 8 5 28 1 
10.8146 1 2 4 10 3 32 6 18 22 20 16 14 26 9 27 30 21 11 19 12 25 13 29 7 24 15 23 17 31 8 5 28 1 
10.8146 1 2 4 10 3 32 6 18 22 20 16 14 26 9 27 30 21 11 19 12 25 13 29 7 24 15 23 17 31 8 5 28 1 
10.8146 1 2 4 10 3 32 6 18 22 20 16 14 26 9 27 30 21 11 19 12 25 13 29 7 24 15 23 17 31 8 5 28 1 
10.8146 1 2 4 10 3 32 6 18 22 20 16 14 26 9 27 30 21 11 19 12 25 13 29 7 24 15 23 17 31 8 5 28 1 
10.8146 1 2 4 10 3 32 6 18 22 20 16 14 26 9 27 30 21 11 19 12 25 13 29 7 24 15 23 17 31 8 5 28 1 
10.8146 1 2 4 10 3 32 6 18 22 20 16 14 26 9 27 30 21 11 19 12 25 13 29 7 24 15 23 17 31 8 5 28 1 
10.8146 1 2 4 10 3 32 6 18 22 20 16 14 26 9 27 30 21 11 19 12 25 13 29 7 24 15 23 17 31 8 5 28 1 
10.8146 1 2 4 10 3 32 6 18 22 20 16 14 26 9 27 30 21 11 19 12 25 13 29 7 24 15 23 17 31 8 5 28 1 
10.8146 1 2 4 10 3 32 6 18 22 20 16 14 26 9 27 30 21 11 19 12 25 13 29 7 24 15 23 17 31 8 5 28 1 
10.8146 1 2 4 10 3 32 6 18 22 20 16 14 26 9 27 30 21 11 19 12 25 13 29 7 24 15 23 17 31 8 5 28 1 
10.8146 1 2 4 10 3 32 6 18 22 20 16 14 26 9 27 30 21 11 19 12 25 13 29 7 24 15 23 17 31 8 5 28 1 
10.8146 1 2 4 10 3 32 6 18 22 20 16 14 26 9 27 30 21 11 19 12 25 13 29 7 24 15 23 17 31 8 5 28 1 
10.8146 1 2 4 10 3 32 6 18 22 20 16 14 26 9 27 30 21 11 19 12 25 13 29 7 24 15 23 17 31 8 5 28 1 
10.8146 1 2 4 10 3 32 6 18 22 20 16 14 26 9 27 30 21 11 19 12 25 13 29 7 24 15 23 17 31 8 5 28 1 
10.8146 1 2 4 10 3 32 6 18 22 20 16 14 26 9 27 30 21 11 19 12 25 13 29 7 24 15 23 17 31 8 5 28 1 
10.8146 1 2 4 10 3 32 6 18 22 20 16 14 26 9 27 30 21 11 19 12 25 13 29 7 24 15 23 17 31 8 5 28 1 
10.8146 1 2 4 10 3 32 6 18 22 20 16 14 26 9 27 30 21 11 19 12 25 13 29 7 24 15 23 17 31 8 5 28 1 
10.8146 1 2 4 10 3 32 6 18 22 20 16 14 26 9 27 30 21 11 19 12 25 13 29 7 24 15 23 17 31 8 5 28 1 
10.8146 1 2 4 10 3 32 6 18 22 20 16 14 26 9 27 30 21 11 19 12 25 13 29 7 24 15 23 17 31 8 5 28 1 
10.8146 1 2 4 10 3 32 6 18 22 20 16 14 26 9 27 30 21 11 19 12 25 13 29 7 24 15 23 17 31 8 5 28 1 
10.7187 1 2 4 10 3 32 6 18 20 22 16 14 26 9 27 30 21 11 19 12 25 13 29 7 24 15 23 17 31 8 5 28 1 
10.7187 1 2 4 10 3 32 6 18 20 22 16 14 26 9 27 30 21 11 19 12 25 13 29 7 24 15 23 17 31 8 5 28 1 
10.7187 1 2 4 10 3 32 6 18 20 22 16 14 26 9 27 30 21 11 19 12 25 13 29 7 24 15 23 17 31 8 5 28 1 
10.7187 1 2 4 10 3 32 6 18 20 22 16 14 26 9 27 30 21 11 19 12 25 13 29 7 24 15 23 17 31 8 5 28 1 
10.7187 1 2 4 10 3 32 6 18 20 22 16 14 26 9 27 30 21 11 19 12 25 13 29 7 24 15 23 17 31 8 5 28 1 
10.7187 1 2 4 10 3 32 6 18 20 22 16 14 26 9 27 30 21 11 19 12 25 13 29 7 24 15 23 17 31 8 5 28 1 
10.7187 1 2 4 10 3 32 6 18 20 22 16 14 26 9 27 30 21 11 19 12 25 13 29 7 24 15 23 17 31 8 5 28 1 
10.7187 1 2 4 10 3 32 6 18 20 22 16 14 26 9 27 30 21 11 19 12 25 13 29 7 24 15 23 17 31 8 5 28 1 
10.7187 1 2 4 10 3 32 6 18 20 22 16 14 26 9 27 30 21 11 19 12 25 13 29 7 24 15 23 17 31 8 5 28 1 
10.7187 1 2 4 10 3 32 6 18 20 22 16 14 26 9 27 30 21 11 19 12 25 13 29 7 24 15 23 17 31 8 5 28 1 
10.7187 1 2 4 10 3 32 6 18 20 22 16 14 26 9 27 30 21 11 19 12 25 13 29 7 24 15 23 17 31 8 5 28 1 
10.7187 1 2 4 10 3 32 6 18 20 22 16 14 26 9 27 30 21 11 19 12 25 13 29 7 24 15 23 17 31 8 5 28 1 
10.6663 1 2 4 10 3 32 6 18 20 22 16 14 26 27 9 30 21 11 19 12 25 13 29 7 24 15 23 17 31 8 5 28 1 
10.6663 1 2 4 10 3 32 6 18 20 22 16 14 26 27 9 30 21 11 19 12 25 13 29 7 24 15 23 17 31 8 5 28 1 
10.6663 1 2 4 10 3 32 6 18 20 22 16 14 26 27 9 30 21 11 19 12 25 13 29 7 24 15 23 17 31 8 5 28 1 
10.6663 1 2 4 10 3 32 6 18 20 22 16 14 26 27 9 30 21 11 19 12 25 13 29 7 24 15 23 17 31 8 5 28 1 
10.6663 1 2 4 10 3 32 6 18 20 22 16 14 26 27 9 30 21 11 19 12 25 13 29 7 24 15 23 17 31 8 5 28 1 
10.6663 1 2 4 10 3 32 6 18 20 22 16 14 26 27 9 30 21 11 19 12 25 13 29 7 24 15 23 17 31 8 5 28 1 
10.6663 1 2 4 10 3 32 6 18 20 22 16 14 26 27 9 30 21 11 19 12 25 13 29 7 24 15 23 17 31 8 5 28 1 
10.6663 1 2 4 10 3 32 6 18 20 22 16 14 26 27 9 30 21 11 19 12 25 13 29 7 24 15 23 17 31 8 5 28 1 
10.6663 1 2 4 10 3 32 6 18 20 22 16 14 26 27 9 30 21 11 19 12 25 13 29 7 24 15 23 17 31 8 5 28 1 
10.6663 1 2 4 10 3 32 6 18 20 22 16 14 26 27 9 30 21 11 19 12 25 13 29 7 24 15 23 17 31 8 5 28 1 
10.6663 1 2 4 10 3 32 6 18 20 22 16 14 26 27 9 30 21 11 19 12 25 13 29 7 24 15 23 17 31 8 5 28 1 
10.6663 1 2 4 10 3 32 6 18 20 22 16 14 26 27 9 30 21 11 19 12 25 13 29 7 24 15 23 17 31 8 5 28 1 
10.6663 1 2 4 10 3 32 6 18 20 22 16 14 26 27 9 30 21 11 19 12 25 13 29 7 24 15 23 17 31 8 5 28 1 
10.6663 1 2 4 10 3 32 6 18 20 22 16 14 26 27 9 30 21 11 19 12 25 13 29 7 24 15 23 17 31 8 5 28 1 
10.6663 1 2 4 10 3 32 6 18 20 22 16 14 26 27 9 30 21 11 19 12 25 13 29 7 24 15 23 17 31 8 5 28 1 
10.6663 1 2 4 10 3 32 6 18 20 22 16 14 26 27 9 30 21 11 19 12 25 13 29 7 24 15 23 17 31 8 5 28 1 
10.6663 1 2 4 10 3 32 6 18 20 22 16 14 26 27 9 30 21 11 19 12 25 13 29 7 24 15 23 17 31 8 5 28 1 
10.6663 1 2 4 10 3 32 6 18 20 22 16 14 26 27 9 30 21 11 19 12 25 13 29 7 24 15 23 17 31 8 5 28 1 
10.6663 1 2 4 10 3 32 6 18 20 22 16 14 26 27 9 30 21 11 19 12 25 13 29 7 24 15 23 17 31 8 5 28 1 
10.6663 1 2 4 10 3 32 6 18 20 22 16 14 26 27 9 30 21 11 19 12 25 13 29 7 24 15 23 17 31 8 5 28 1 
10.6663 1 2 4 10 3 32 6 18 20 22 16 14 26 27 9 30 21 11 19 12 25 13 29 7 24 15 23 17 31 8 5 28 1 
10.6663 1 2 4 10 3 32 6 18 20 22 16 14 26 27 9 30 21 11 19 12 25 13 29 7 24 15 23 17 31 8 5 28 1 
10.6207 1 2 16 4 10 3 32 6 18 20 22 14 26 27 9 30 21 11 19 12 25 13 29 7 24 15 23 17 31 8 5 28 1 
10.6207 1 2 16 4 10 3 32 6 18 20 22 14 26 27 9 30 21 11 19 12 25 13 29 7 24 15 23 17 31 8 5 28 1 
10.6207 1 2 16 4 10 3 32 6 18 20 22 14 26 27 9 30 21 11 19 12 25 13 29 7 24 15 23 17 31 8 5 28 1 
10.6207 1 2 16 4 10 3 32 6 18 20 22 14 26 27 9 30 21 11 19 12 25 13 29 7 24 15 23 17 31 8 5 28 1 
10.4374 1 2 4 16 10 3 32 6 18 20 22 14 26 27 9 30 21 11 19 12 25 13 29 7 24 15 23 17 31 8 5 28 1 
10.4374 1 2 4 16 10 3 32 6 18 20 22 14 26 27 9 30 21 11 19 12 25 13 29 7 24 15 23 17 31 8 5 28 1 
10.4374 1 2 4 16 10 3 32 6 18 20 22 14 26 27 9 30 21 11 19 12 25 13 29 7 24 15 23 17 31 8 5 28 1 
10.4374 1 2 4 16 10 3 32 6 18 20 22 14 26 27 9 30 21 11 19 12 25 13 29 7 24 15 23 17 31 8 5 28 1 
10.4374 1 2 4 16 10 3 32 6 18 20 22 14 26 27 9 30 21 11 19 12 25 13 29 7 24 15 23 17 31 8 5 28 1 
10.4374 1 2 4 16 10 3 32 6 18 20 22 14 26 27 9 30 21 11 19 12 25 13 29 7 24 15 23 17 31 8 5 28 1 
10.4374 1 2 4 16 10 3 32 6 18 20 22 14 26 27 9 30 21 11 19 12 25 13 29 7 24 15 23 17 31 8 5 28 1 
10.4374 1 2 4 16 10 3 32 6 18 20 22 14 26 27 9 30 21 11 19 12 25 13 29 7 24 15 23 17 31 8 5 28 1 
10.4374 1 2 4 16 10 3 32 6 18 20 22 14 26 27 9 30 21 11 19 12 25 13 29 7 24 15 23 17 31 8 5 28 1 
10.4374 1 2 4 16 10 3 32 6 18 20 22 14 26 27 9 30 21 11 19 12 25 13 29 7 24 15 23 17 31 8 5 28 1 
10.4374 1 2 4 16 10 3 32 6 18 20 22 14 26 27 9 30 21 11 19 12 25 13 29 7 24 15 23 17 31 8 5 28 1 
10.4374 1 2 4 16 10 3 32 6 18 20 22 14 26 27 9 30 21 11 19 12 25 13 29 7 24 15 23 17 31 8 5 28 1 
10.4374 1 2 4 16 10 3 32 6 18 20 22 14 26 27 9 30 21 11 19 12 25 13 29 7 24 15 23 17 31 8 5 28 1 
10.4374 1 2 4 16 10 3 32 6 18 20 22 14 26 27 9 30 21 11 19 12 25 13 29 7 24 15 23 17 31 8 5 28 1 
10.4374 1 2 4 16 10 3 32 6 18 20 22 14 26 27 9 30 21 11 19 12 25 13 29 7 24 15 23 17 31 8 5 28 1 
10.4374 1 2 4 16 10 3 32 6 18 20 22 14 26 27 9 30 21 11 19 12 25 13 29 7 24 15 23 17 31 8 5 28 1 
10.4374 1 2 4 16 10 3 32 6 18 20 22 14 26 27 9 30 21 11 19 12 25 13 29 7 24 15 23 17 31 8 5 28 1 
10.4374 1 2 4 16 10 3 32 6 18 20 22 14 26 27 9 30 21 11 19 12 25 13 29 7 24 15 23 17 31 8 5 28 1 
10.4374 1 2 4 16 10 3 32 6 18 20 22 14 26 27 9 30 21 11 19 12 25 13 29 7 24 15 23 17 31 8 5 28 1 
10.4374 1 2 4 16 10 3 32 6 18 20 22 14 26 27 9 30 21 11 19 12 25 13 29 7 24 15 23 17 31 8 5 28 1 
10.4374 1 2 4 16 10 3 32 6 18 20 22 14 26 27 9 30 21 11 19 12 25 13 29 7 24 15 23 17 31 8 5 28 1 
10.4374 1 2 4 16 10 3 32 6 18 20 22 14 26 27 9 30 21 11 19 12 25 13 29 7 24 15 23 17 31 8 5 28 1 
10.4374 1 2 4 16 10 3 32 6 18 20 22 14 26 27 9 30 21 11 19 12 25 13 29 7 24 15 23 17 31 8 5 28 1 
10.4374 1 2 4 16 10 3 32 6 18 20 22 14 26 27 9 30 21 11 19 12 25 13 29 7 24 15 23 17 31 8 5 28 1 
10.4374 1 2 4 16 10 3 32 6 18 20 22 14 26 27 9 30 21 11 19 12 25 13 29 7 24 15 23 17 31 8 5 28 1 
10.4374 1 2 4 16 10 3 32 6 18 20 22 14 26 27 9 30 21 11 19 12 25 13 29 7 24 15 23 17 31 8 5 28 1 
10.4374 1 2 4 16 10 3 32 6 18 20 22 14 26 27 9 30 21 11 19 12 25 13 29 7 24 15 23 17 31 8 5 28 1 
10.4374 1 2 4 16 10 3 32 6 18 20 22 14 26 27 9 30 21 11 19 12 25 13 29 7 24 15 23 17 31 8 5 28 1 
10.4374 1 2 4 16 10 3 32 6 18 20 22 14 26 27 9 30 21 11 19 12 25 13 29 7 24 15 23 17 31 8 5 28 1 
10.4374 1 2 4 16 10 3 32 6 18 20 22 14 26 27 9 30 21 11 19 12 25 13 29 7 24 15 23 17 31 8 5 28 1 
10.4374 1 2 4 16 10 3 32 6 18 20 22 14 26 27 9 30 21 11 19 12 25 13 29 7 24 15 23 17 31 8 5 28 1 
10.4374 1 2 4 16 10 3 32 6 18 20 22 14 26 27 9 30 21 11 19 12 25 13 29 7 24 15 23 17 31 8 5 28 1 
10.4374 1 2 4 16 10 3 32 6 18 20 22 14 26 27 9 30 21 11 19 12 25 13 29 7 24 15 23 17 31 8 5 28 1 
10.4374 1 2 4 16 10 3 32 6 18 20 22 14 26 27 9 30 21 11 19 12 25 13 29 7 24 15 23 17 31 8 5 28 1 
10.4374 1 2 4 16 10 3 32 6 18 20 22 14 26 27 9 30 21 11 19 12 25 13 29 7 24 15 23 17 31 8 5 28 1 
10.4374 1 2 4 16 10 3 32 6 18 20 22 14 26 27 9 30 21 11 19 12 25 13 29 7 24 15 23 17 31 8 5 28 1 
10.4374 1 2 4 16 10 3 32 6 18 20 22 14 26 27 9 30 21 11 19 12 25 13 29 7 24 15 23 17 31 8 5 28 1 
10.4374 1 2 4 16 10 3 32 6 18 20 22 14 26 27 9 30 21 11 19 12 25 13 29 7 24 15 23 17 31 8 5 28 1 
10.4374 1 2 4 16 10 3 32 6 18 20 22 14 26 27 9 30 21 11 19 12 25 13 29 7 24 15 23 17 31 8 5 28 1 
10.4374 1 2 4 16 10 3 32 6 18 20 22 14 26 27 9 30 21 11 19 12 25 13 29 7 24 15 23 17 31 8 5 28 1 
10.4374 1 2 4 16 10 3 32 6 18 20 22 14 26 27 9 30 21 11 19 12 25 13 29 7 24 15 23 17 31 8 5 28 1 
10.4374 1 2 4 16 10 3 32 6 18 20 22 14 26 27 9 30 21 11 19 12 25 13 29 7 24 15 23 17 31 8 5 28 1 
10.4374 1 2 4 16 10 3 32 6 18 20 22 14 26 27 9 30 21 11 19 12 25 13 29 7 24 15 23 17 31 8 5 28 1 
10.4374 1 2 4 16 10 3 32 6 18 20 22 14 26 27 9 30 21 11 19 12 25 13 29 7 24 15 23 17 31 8 5 28 1 
10.4374 1 2 4 16 10 3 32 6 18 20 22 14 26 27 9 30 21 11 19 12 25 13 29 7 24 15 23 17 31 8 5 28 1 
10.4374 1 2 4 16 10 3 32 6 18 20 22 14 26 27 9 30 21 11 19 12 25 13 29 7 24 15 23 17 31 8 5 28 1 
10.4374 1 2 4 16 10 3 32 6 18 20 22 14 26 27 9 30 21 11 19 12 25 13 29 7 24 15 23 17 31 8 5 28 1 
10.4374 1 2 4 16 10 3 32 6 18 20 22 14 26 27 9 30 21 11 19 12 25 13 29 7 24 15 23 17 31 8 5 28 1 
10.4374 1 2 4 16 10 3 32 6 18 20 22 14 26 27 9 30 21 11 19 12 25 13 29 7 24 15 23 17 31 8 5 28 1 
10.4374 1 2 4 16 10 3 32 6 18 20 22 14 26 27 9 30 21 11 19 12 25 13 29 7 24 15 23 17 31 8 5 28 1 
10.4374 1 2 4 16 10 3 32 6 18 20 22 14 26 27 9 30 21 11 19 12 25 13 29 7 24 15 23 17 31 8 5 28 1 
10.4374 1 2 4 16 10 3 32 6 18 20 22 14 26 27 9 30 21 11 19 12 25 13 29 7 24 15 23 17 31 8 5 28 1 
10.4374 1 2 4 16 10 3 32 6 18 20 22 14 26 27 9 30 21 11 19 12 25 13 29 7 24 15 23 17 31 8 5 28 1 
10.4374 1 2 4 16 10 3 32 6 18 20 22 14 26 27 9 30 21 11 19 12 25 13 29 7 24 15 23 17 31 8 5 28 1 
10.4374 1 2 4 16 10 3 32 6 18 20 22 14 26 27 9 30 21 11 19 12 25 13 29 7 24 15 23 17 31 8 5 28 1 
10.4374 1 2 4 16 10 3 32 6 18 20 22 14 26 27 9 30 21 11 19 12 25 13 29 7 24 15 23 17 31 8 5 28 1 
10.4374 1 2 4 16 10 3 32 6 18 20 22 14 26 27 9 30 21 11 19 12 25 13 29 7 24 15 23 17 31 8 5 28 1 
10.4374 1 2 4 16 10 3 32 6 18 20 22 14 26 27 9 30 21 11 19 12 25 13 29 7 24 15 23 17 31 8 5 28 1 
10.4374 1 2 4 16 10 3 32 6 18 20 22 14 26 27 9 30 21 11 19 12 25 13 29 7 24 15 23 17 31 8 5 28 1 
10.4374 1 2 4 16 10 3 32 6 18 20 22 14 26 27 9 30 21 11 19 12 25 13 29 7 24 15 23 17 31 8 5 28 1 
10.4374 1 2 4 16 10 3 32 6 18 20 22 14 26 27 9 30 21 11 19 12 25 13 29 7 24 15 23 17 31 8 5 28 1 
10.4374 1 2 4 16 10 3 32 6 18 20 22 14 26 27 9 30 21 11 19 12 25 13 29 7 24 15 23 17 31 8 5 28 1 
10.4374 1 2 4 16 10 3 32 6 18 20 22 14 26 27 9 30 21 11 19 12 25 13 29 7 24 15 23 17 31 8 5 28 1 
10.4374 1 2 4 16 10 3 32 6 18 20 22 14 26 27 9 30 21 11 19 12 25 13 29 7 24 15 23 17 31 8 5 28 1 
10.4374 1 2 4 16 10 3 32 6 18 20 22 14 26 27 9 30 21 11 19 12 25 13 29 7 24 15 23 17 31 8 5 28 1 
10.4374 1 2 4 16 10 3 32 6 18 20 22 14 26 27 9 30 21 11 19 12 25 13 29 7 24 15 23 17 31 8 5 28 1 
10.4374 1 2 4 16 10 3 32 6 18 20 22 14 26 27 9 30 21 11 19 12 25 13 29 7 24 15 23 17 31 8 5 28 1 
10.4374 1 2 4 16 10 3 32 6 18 20 22 14 26 27 9 30 21 11 19 12 25 13 29 7 24 15 23 17 31 8 5 28 1 
10.4374 1 2 4 16 10 3 32 6 18 20 22 14 26 27 9 30 21 11 19 12 25 13 29 7 24 15 23 17 31 8 5 28 1 
10.4374 1 2 4 16 10 3 32 6 18 20 22 14 26 27 9 30 21 11 19 12 25 13 29 7 24 15 23 17 31 8 5 28 1 
10.4374 1 2 4 16 10 3 32 6 18 20 22 14 26 27 9 30 21 11 19 12 25 13 29 7 24 15 23 17 31 8 5 28 1 
10.4374 1 2 4 16 10 3 32 6 18 20 22 14 26 27 9 30 21 11 19 12 25 13 29 7 24 15 23 17 31 8 5 28 1 
10.4374 1 2 4 16 10 3 32 6 18 20 22 14 26 27 9 30 21 11 19 12 25 13 29 7 24 15 23 17 31 8 5 28 1 
10.4374 1 2 4 16 10 3 32 6 18 20 22 14 26 27 9 30 21 11 19 12 25 13 29 7 24 15 23 17 31 8 5 28 1 
10.4374 1 2 4 16 10 3 32 6 18 20 22 14 26 27 9 30 21 11 19 12 25 13 29 7 24 15 23 17 31 8 5 28 1 
10.4374 1 2 4 16 10 3 32 6 18 20 22 14 26 27 9 30 21 11 19 12 25 13 29 7 24 15 23 17 31 8 5 28 1 
10.4374 1 2 4 16 10 3 32 6 18 20 22 14 26 27 9 30 21 11 19 12 25 13 29 7 24 15 23 17 31 8 5 28 1 
10.4374 1 2 4 16 10 3 32 6 18 20 22 14 26 27 9 30 21 11 19 12 25 13 29 7 24 15 23 17 31 8 5 28 1 
10.4374 1 2 4 16 10 3 32 6 18 20 22 14 26 27 9 30 21 11 19 12 25 13 29 7 24 15 23 17 31 8 5 28 1 
10.4374 1 2 4 16 10 3 32 6 18 20 22 14 26 27 9 30 21 11 19 12 25 13 29 7 24 15 23 17 31 8 5 28 1 
10.4374 1 2 4 16 10 3 32 6 18 20 22 14 26 27 9 30 21 11 19 12 25 13 29 7 24 15 23 17 31 8 5 28 1 
10.4374 1 2 4 16 10 3 32 6 18 20 22 14 26 27 9 30 21 11 19 12 25 13 29 7 24 15 23 17 31 8 5 28 1 
10.4374 1 2 4 16 10 3 32 6 18 20 22 14 26 27 9 30 21 11 19 12 25 13 29 7 24 15 23 17 31 8 5 28 1 
10.4374 1 2 4 16 10 3 32 6 18 20 22 14 26 27 9 30 21 11 19 12 25 13 29 7 24 15 23 17 31 8 5 28 1 
10.4374 1 2 4 16 10 3 32 6 18 20 22 14 26 27 9 30 21 11 19 12 25 13 29 7 24 15 23 17 31 8 5 28 1 
10.4374 1 2 4 16 10 3 32 6 18 20 22 14 26 27 9 30 21 11 19 12 25 13 29 7 24 15 23 17 31 8 5 28 1 
10.4374 1 2 4 16 10 3 32 6 18 20 22 14 26 27 9 30 21 11 19 12 25 13 29 7 24 15 23 17 31 8 5 28 1 
10.4374 1 2 4 16 10 3 32 6 18 20 22 14 26 27 9 30 21 11 19 12 25 13 29 7 24 15 23 17 31 8 5 28 1 
10.4374 1 2 4 16 10 3 32 6 18 20 22 14 26 27 9 30 21 11 19 12 25 13 29 7 24 15 23 17 31 8 5 28 1 
10.4374 1 2 4 16 10 3 32 6 18 20 22 14 26 27 9 30 21 11 19 12 25 13 29 7 24 15 23 17 31 8 5 28 1 
10.4374 1 2 4 16 10 3 32 6 18 20 22 14 26 27 9 30 21 11 19 12 25 13 29 7 24 15 23 17 31 8 5 28 1 
10.4374 1 2 4 16 10 3 32 6 18 20 22 14 26 27 9 30 21 11 19 12 25 13 29 7 24 15 23 17 31 8 5 28 1 
10.4374 1 2 4 16 10 3 32 6 18 20 22 14 26 27 9 30 21 11 19 12 25 13 29 7 24 15 23 17 31 8 5 28 1 
10.4374 1 2 4 16 10 3 32 6 18 20 22 14 26 27 9 30 21 11 19 12 25 13 29 7 24 15 23 17 31 8 5 28 1 
10.4374 1 2 4 16 10 3 32 6 18 20 22 14 26 27 9 30 21 11 19 12 25 13 29 7 24 15 23 17 31 8 5 28 1 
10.4374 1 2 4 16 10 3 32 6 18 20 22 14 26 27 9 30 21 11 19 12 25 13 29 7 24 15 23 17 31 8 5 28 1 
10.4374 1 2 4 16 10 3 32 6 18 20 22 14 26 27 9 30 21 11 19 12 25 13 29 7 24 15 23 17 31 8 5 28 1 
10.4374 1 2 4 16 10 3 32 6 18 20 22 14 26 27 9 30 21 11 19 12 25 13 29 7 24 15 23 17 31 8 5 28 1 
10.4374 1 2 4 16 10 3 32 6 18 20 22 14 26 27 9 30 21 11 19 12 25 13 29 7 24 15 23 17 31 8 5 28 1 
10.4374 1 2 4 16 10 3 32 6 18 20 22 14 26 27 9 30 21 11 19 12 25 13 29 7 24 15 23 17 31 8 5 28 1 
10.4374 1 2 4 16 10 3 32 6 18 20 22 14 26 27 9 30 21 11 19 12 25 13 29 7 24 15 23 17 31 8 5 28 1 
10.4374 1 2 4 16 10 3 32 6 18 20 22 14 26 27 9 30 21 11 19 12 25 13 29 7 24 15 23 17 31 8 5 28 1 
10.4374 1 2 4 16 10 3 32 6 18 20 22 14 26 27 9 30 21 11 19 12 25 13 29 7 24 15 23 17 31 8 5 28 1 
10.4374 1 2 4 16 10 3 32 6 18 20 22 14 26 27 9 30 21 11 19 12 25 13 29 7 24 15 23 17 31 8 5 28 1 
10.4374 1 2 4 16 10 3 32 6 18 20 22 14 26 27 9 30 21 11 19 12 25 13 29 7 24 15 23 17 31 8 5 28 1 
10.4374 1 2 4 16 10 3 32 6 18 20 22 14 26 27 9 30 21 11 19 12 25 13 29 7 24 15 23 17 31 8 5 28 1 
10.4374 1 2 4 16 10 3 32 6 18 20 22 14 26 27 9 30 21 11 19 12 25 13 29 7 24 15 23 17 31 8 5 28 1 
10.4374 1 2 4 16 10 3 32 6 18 20 22 14 26 27 9 30 21 11 19 12 25 13 29 7 24 15 23 17 31 8 5 28 1 
10.4374 1 2 4 16 10 3 32 6 18 20 22 14 26 27 9 30 21 11 19 12 25 13 29 7 24 15 23 17 31 8 5 28 1 
10.4374 1 2 4 16 10 3 32 6 18 20 22 14 26 27 9 30 21 11 19 12 25 13 29 7 24 15 23 17 31 8 5 28 1 
10.4374 1 2 4 16 10 3 32 6 18 20 22 14 26 27 9 30 21 11 19 12 25 13 29 7 24 15 23 17 31 8 5 28 1 
10.4374 1 2 4 16 10 3 32 6 18 20 22 14 26 27 9 30 21 11 19 12 25 13 29 7 24 15 23 17 31 8 5 28 1 
10.4374 1 2 4 16 10 3 32 6 18 20 22 14 26 27 9 30 21 11 19 12 25 13 29 7 24 15 23 17 31 8 5 28 1 
10.4374 1 2 4 16 10 3 32 6 18 20 22 14 26 27 9 30 21 11 19 12 25 13 29 7 24 15 23 17 31 8 5 28 1 
10.4374 1 2 4 16 10 3 32 6 18 20 22 14 26 27 9 30 21 11 19 12 25 13 29 7 24 15 23 17 31 8 5 28 1 
10.4374 1 2 4 16 10 3 32 6 18 20 22 14 26 27 9 30 21 11 19 12 25 13 29 7 24 15 23 17 31 8 5 28 1 
10.3616 1 2 4 16 18 6 32 3 10 20 22 14 26 27 9 30 21 11 19 12 25 13 29 7 24 15 23 17 31 8 5 28 1 
10.3616 1 2 4 16 18 6 32 3 10 20 22 14 26 27 9 30 21 11 19 12 25 13 29 7 24 15 23 17 31 8 5 28 1 
10.3616 1 2 4 16 18 6 32 3 10 20 22 14 26 27 9 30 21 11 19 12 25 13 29 7 24 15 23 17 31 8 5 28 1 
10.3616 1 2 4 16 18 6 32 3 10 20 22 14 26 27 9 30 21 11 19 12 25 13 29 7 24 15 23 17 31 8 5 28 1 
10.3616 1 2 4 16 18 6 32 3 10 20 22 14 26 27 9 30 21 11 19 12 25 13 29 7 24 15 23 17 31 8 5 28 1 
10.3616 1 2 4 16 18 6 32 3 10 20 22 14 26 27 9 30 21 11 19 12 25 13 29 7 24 15 23 17 31 8 5 28 1 
10.3616 1 2 4 16 18 6 32 3 10 20 22 14 26 27 9 30 21 11 19 12 25 13 29 7 24 15 23 17 31 8 5 28 1 
10.3616 1 2 4 16 18 6 32 3 10 20 22 14 26 27 9 30 21 11 19 12 25 13 29 7 24 15 23 17 31 8 5 28 1 
10.3616 1 2 4 16 18 6 32 3 10 20 22 14 26 27 9 30 21 11 19 12 25 13 29 7 24 15 23 17 31 8 5 28 1 
10.3616 1 2 4 16 18 6 32 3 10 20 22 14 26 27 9 30 21 11 19 12 25 13 29 7 24 15 23 17 31 8 5 28 1 
10.3616 1 2 4 16 18 6 32 3 10 20 22 14 26 27 9 30 21 11 19 12 25 13 29 7 24 15 23 17 31 8 5 28 1 
10.3616 1 2 4 16 18 6 32 3 10 20 22 14 26 27 9 30 21 11 19 12 25 13 29 7 24 15 23 17 31 8 5 28 1 
10.3616 1 2 4 16 18 6 32 3 10 20 22 14 26 27 9 30 21 11 19 12 25 13 29 7 24 15 23 17 31 8 5 28 1 
10.3616 1 2 4 16 18 6 32 3 10 20 22 14 26 27 9 30 21 11 19 12 25 13 29 7 24 15 23 17 31 8 5 28 1 
10.3616 1 2 4 16 18 6 32 3 10 20 22 14 26 27 9 30 21 11 19 12 25 13 29 7 24 15 23 17 31 8 5 28 1 
10.3616 1 2 4 16 18 6 32 3 10 20 22 14 26 27 9 30 21 11 19 12 25 13 29 7 24 15 23 17 31 8 5 28 1 
10.3616 1 2 4 16 18 6 32 3 10 20 22 14 26 27 9 30 21 11 19 12 25 13 29 7 24 15 23 17 31 8 5 28 1 
10.3616 1 2 4 16 18 6 32 3 10 20 22 14 26 27 9 30 21 11 19 12 25 13 29 7 24 15 23 17 31 8 5 28 1 
10.3616 1 2 4 16 18 6 32 3 10 20 22 14 26 27 9 30 21 11 19 12 25 13 29 7 24 15 23 17 31 8 5 28 1 
10.3616 1 2 4 16 18 6 32 3 10 20 22 14 26 27 9 30 21 11 19 12 25 13 29 7 24 15 23 17 31 8 5 28 1 
10.3616 1 2 4 16 18 6 32 3 10 20 22 14 26 27 9 30 21 11 19 12 25 13 29 7 24 15 23 17 31 8 5 28 1 
10.3616 1 2 4 16 18 6 32 3 10 20 22 14 26 27 9 30 21 11 19 12 25 13 29 7 24 15 23 17 31 8 5 28 1 
10.3616 1 2 4 16 18 6 32 3 10 20 22 14 26 27 9 30 21 11 19 12 25 13 29 7 24 15 23 17 31 8 5 28 1 
10.3616 1 2 4 16 18 6 32 3 10 20 22 14 26 27 9 30 21 11 19 12 25 13 29 7 24 15 23 17 31 8 5 28 1 
10.3616 1 2 4 16 18 6 32 3 10 20 22 14 26 27 9 30 21 11 19 12 25 13 29 7 24 15 23 17 31 8 5 28 1 
10.3616 1 2 4 16 18 6 32 3 10 20 22 14 26 27 9 30 21 11 19 12 25 13 29 7 24 15 23 17 31 8 5 28 1 
10.3616 1 2 4 16 18 6 32 3 10 20 22 14 26 27 9 30 21 11 19 12 25 13 29 7 24 15 23 17 31 8 5 28 1 
10.3616 1 2 4 16 18 6 32 3 10 20 22 14 26 27 9 30 21 11 19 12 25 13 29 7 24 15 23 17 31 8 5 28 1 
10.3616 1 2 4 16 18 6 32 3 10 20 22 14 26 27 9 30 21 11 19 12 25 13 29 7 24 15 23 17 31 8 5 28 1 
10.3616 1 2 4 16 18 6 32 3 10 20 22 14 26 27 9 30 21 11 19 12 25 13 29 7 24 15 23 17 31 8 5 28 1 
10.3616 1 2 4 16 18 6 32 3 10 20 22 14 26 27 9 30 21 11 19 12 25 13 29 7 24 15 23 17 31 8 5 28 1 
10.3616 1 2 4 16 18 6 32 3 10 20 22 14 26 27 9 30 21 11 19 12 25 13 29 7 24 15 23 17 31 8 5 28 1 
10.3616 1 2 4 16 18 6 32 3 10 20 22 14 26 27 9 30 21 11 19 12 25 13 29 7 24 15 23 17 31 8 5 28 1 
10.3616 1 2 4 16 18 6 32 3 10 20 22 14 26 27 9 30 21 11 19 12 25 13 29 7 24 15 23 17 31 8 5 28 1 
10.3616 1 2 4 16 18 6 32 3 10 20 22 14 26 27 9 30 21 11 19 12 25 13 29 7 24 15 23 17 31 8 5 28 1 
10.3616 1 2 4 16 18 6 32 3 10 20 22 14 26 27 9 30 21 11 19 12 25 13 29 7 24 15 23 17 31 8 5 28 1 
10.3616 1 2 4 16 18 6 32 3 10 20 22 14 26 27 9 30 21 11 19 12 25 13 29 7 24 15 23 17 31 8 5 28 1 
10.3616 1 2 4 16 18 6 32 3 10 20 22 14 26 27 9 30 21 11 19 12 25 13 29 7 24 15 23 17 31 8 5 28 1 
10.3616 1 2 4 16 18 6 32 3 10 20 22 14 26 27 9 30 21 11 19 12 25 13 29 7 24 15 23 17 31 8 5 28 1 
10.3616 1 2 4 16 18 6 32 3 10 20 22 14 26 27 9 30 21 11 19 12 25 13 29 7 24 15 23 17 31 8 5 28 1 
10.3616 1 2 4 16 18 6 32 3 10 20 22 14 26 27 9 30 21 11 19 12 25 13 29 7 24 15 23 17 31 8 5 28 1 
10.3616 1 2 4 16 18 6 32 3 10 20 22 14 26 27 9 30 21 11 19 12 25 13 29 7 24 15 23 17 31 8 5 28 1 
10.3532 1 2 4 5 8 31 17 23 15 24 7 29 13 25 12 19 11 21 30 9 27 26 14 22 20 10 3 32 6 18 16 28 1 
10.3532 1 2 4 5 8 31 17 23 15 24 7 29 13 25 12 19 11 21 30 9 27 26 14 22 20 10 3 32 6 18 16 28 1 
10.3532 1 2 4 5 8 31 17 23 15 24 7 29 13 25 12 19 11 21 30 9 27 26 14 22 20 10 3 32 6 18 16 28 1 
10.3532 1 2 4 5 8 31 17 23 15 24 7 29 13 25 12 19 11 21 30 9 27 26 14 22 20 10 3 32 6 18 16 28 1 
10.3532 1 2 4 5 8 31 17 23 15 24 7 29 13 25 12 19 11 21 30 9 27 26 14 22 20 10 3 32 6 18 16 28 1 
10.3532 1 2 4 27 5 8 31 17 23 15 24 7 29 13 25 12 19 11 21 30 9 26 14 22 20 10 3 32 6 18 16 28 1 
10.3427 1 16 18 6 32 3 10 20 22 14 26 27 9 30 21 11 19 12 25 13 29 7 24 15 23 17 31 8 5 4 2 28 1 
10.3427 1 16 18 6 32 3 10 20 22 14 26 27 9 30 21 11 19 12 25 13 29 7 24 15 23 17 31 8 5 4 2 28 1 
10.2389 1 2 16 18 6 32 3 10 20 22 14 26 27 9 30 21 11 19 12 25 13 29 7 24 15 23 17 31 8 5 4 28 1 
10.2389 1 2 16 18 6 32 3 10 20 22 14 26 27 9 30 21 11 19 12 25 13 29 7 24 15 23 17 31 8 5 4 28 1 
10.2389 1 2 16 18 6 32 3 10 20 22 14 26 27 9 30 21 11 19 12 25 13 29 7 24 15 23 17 31 8 5 4 28 1 
10.2389 1 2 16 18 6 32 3 10 20 22 14 26 27 9 30 21 11 19 12 25 13 29 7 24 15 23 17 31 8 5 4 28 1 
10.2389 1 2 16 18 6 32 3 10 20 22 14 26 27 9 30 21 11 19 12 25 13 29 7 24 15 23 17 31 8 5 4 28 1 
10.2389 1 2 16 18 6 32 3 10 20 22 14 26 27 9 30 21 11 19 12 25 13 29 7 24 15 23 17 31 8 5 4 28 1 
10.2239 1 2 16 18 6 32 3 10 20 22 14 4 26 27 9 30 21 11 19 12 25 13 29 7 24 15 23 17 31 8 5 28 1 
10.2239 1 2 16 18 6 32 3 10 20 22 14 4 26 27 9 30 21 11 19 12 25 13 29 7 24 15 23 17 31 8 5 28 1 
10.2239 1 2 16 18 6 32 3 10 20 22 14 4 26 27 9 30 21 11 19 12 25 13 29 7 24 15 23 17 31 8 5 28 1 
10.0175 1 2 16 18 6 32 3 10 20 22 14 26 4 27 9 30 21 11 19 12 25 13 29 7 24 15 23 17 31 8 5 28 1 
10.0175 1 2 16 18 6 32 3 10 20 22 14 26 4 27 9 30 21 11 19 12 25 13 29 7 24 15 23 17 31 8 5 28 1 
10.0175 1 2 16 18 6 32 3 10 20 22 14 26 4 27 9 30 21 11 19 12 25 13 29 7 24 15 23 17 31 8 5 28 1 
10.0175 1 2 16 18 6 32 3 10 20 22 14 26 4 27 9 30 21 11 19 12 25 13 29 7 24 15 23 17 31 8 5 28 1 
10.0175 1 2 16 18 6 32 3 10 20 22 14 26 4 27 9 30 21 11 19 12 25 13 29 7 24 15 23 17 31 8 5 28 1 
10.0175 1 2 16 18 6 32 3 10 20 22 14 26 4 27 9 30 21 11 19 12 25 13 29 7 24 15 23 17 31 8 5 28 1 
10.0175 1 2 16 18 6 32 3 10 20 22 14 26 4 27 9 30 21 11 19 12 25 13 29 7 24 15 23 17 31 8 5 28 1 
10.0175 1 2 16 18 6 32 3 10 20 22 14 26 4 27 9 30 21 11 19 12 25 13 29 7 24 15 23 17 31 8 5 28 1 
10.0175 1 2 16 18 6 32 3 10 20 22 14 26 4 27 9 30 21 11 19 12 25 13 29 7 24 15 23 17 31 8 5 28 1 
10.0175 1 2 16 18 6 32 3 10 20 22 14 26 4 27 9 30 21 11 19 12 25 13 29 7 24 15 23 17 31 8 5 28 1 
10.0175 1 2 16 18 6 32 3 10 20 22 14 26 4 27 9 30 21 11 19 12 25 13 29 7 24 15 23 17 31 8 5 28 1 
10.0175 1 2 16 18 6 32 3 10 20 22 14 26 4 27 9 30 21 11 19 12 25 13 29 7 24 15 23 17 31 8 5 28 1 
10.0175 1 2 16 18 6 32 3 10 20 22 14 26 4 27 9 30 21 11 19 12 25 13 29 7 24 15 23 17 31 8 5 28 1 
10.0175 1 2 16 18 6 32 3 10 20 22 14 26 4 27 9 30 21 11 19 12 25 13 29 7 24 15 23 17 31 8 5 28 1 
10.0175 1 2 16 18 6 32 3 10 20 22 14 26 4 27 9 30 21 11 19 12 25 13 29 7 24 15 23 17 31 8 5 28 1 
10.0175 1 2 16 18 6 32 3 10 20 22 14 26 4 27 9 30 21 11 19 12 25 13 29 7 24 15 23 17 31 8 5 28 1 
10.0175 1 2 16 18 6 32 3 10 20 22 14 26 4 27 9 30 21 11 19 12 25 13 29 7 24 15 23 17 31 8 5 28 1 
10.0175 1 2 16 18 6 32 3 10 20 22 14 26 4 27 9 30 21 11 19 12 25 13 29 7 24 15 23 17 31 8 5 28 1 
10.0175 1 2 16 18 6 32 3 10 20 22 14 26 4 27 9 30 21 11 19 12 25 13 29 7 24 15 23 17 31 8 5 28 1 
10.0175 1 2 16 18 6 32 3 10 20 22 14 26 4 27 9 30 21 11 19 12 25 13 29 7 24 15 23 17 31 8 5 28 1 
10.0175 1 2 16 18 6 32 3 10 20 22 14 26 4 27 9 30 21 11 19 12 25 13 29 7 24 15 23 17 31 8 5 28 1 
10.0175 1 2 16 18 6 32 3 10 20 22 14 26 4 27 9 30 21 11 19 12 25 13 29 7 24 15 23 17 31 8 5 28 1 
10.0175 1 2 16 18 6 32 3 10 20 22 14 26 4 27 9 30 21 11 19 12 25 13 29 7 24 15 23 17 31 8 5 28 1 
10.0175 1 2 16 18 6 32 3 10 20 22 14 26 4 27 9 30 21 11 19 12 25 13 29 7 24 15 23 17 31 8 5 28 1 
10.0175 1 2 16 18 6 32 3 10 20 22 14 26 4 27 9 30 21 11 19 12 25 13 29 7 24 15 23 17 31 8 5 28 1 
10.0175 1 2 16 18 6 32 3 10 20 22 14 26 4 27 9 30 21 11 19 12 25 13 29 7 24 15 23 17 31 8 5 28 1 
10.0175 1 2 16 18 6 32 3 10 20 22 14 26 4 27 9 30 21 11 19 12 25 13 29 7 24 15 23 17 31 8 5 28 1 
10.0175 1 2 16 18 6 32 3 10 20 22 14 26 4 27 9 30 21 11 19 12 25 13 29 7 24 15 23 17 31 8 5 28 1 
10.0175 1 2 16 18 6 32 3 10 20 22 14 26 4 27 9 30 21 11 19 12 25 13 29 7 24 15 23 17 31 8 5 28 1 
10.0175 1 2 16 18 6 32 3 10 20 22 14 26 4 27 9 30 21 11 19 12 25 13 29 7 24 15 23 17 31 8 5 28 1 
10.0175 1 2 16 18 6 32 3 10 20 22 14 26 4 27 9 30 21 11 19 12 25 13 29 7 24 15 23 17 31 8 5 28 1 
10.0175 1 2 16 18 6 32 3 10 20 22 14 26 4 27 9 30 21 11 19 12 25 13 29 7 24 15 23 17 31 8 5 28 1 
10.0175 1 2 16 18 6 32 3 10 20 22 14 26 4 27 9 30 21 11 19 12 25 13 29 7 24 15 23 17 31 8 5 28 1 
10.0175 1 2 16 18 6 32 3 10 20 22 14 26 4 27 9 30 21 11 19 12 25 13 29 7 24 15 23 17 31 8 5 28 1 
10.0175 1 2 16 18 6 32 3 10 20 22 14 26 4 27 9 30 21 11 19 12 25 13 29 7 24 15 23 17 31 8 5 28 1 
10.0175 1 2 16 18 6 32 3 10 20 22 14 26 4 27 9 30 21 11 19 12 25 13 29 7 24 15 23 17 31 8 5 28 1 
10.0175 1 2 16 18 6 32 3 10 20 22 14 26 4 27 9 30 21 11 19 12 25 13 29 7 24 15 23 17 31 8 5 28 1 
10.0175 1 2 16 18 6 32 3 10 20 22 14 26 4 27 9 30 21 11 19 12 25 13 29 7 24 15 23 17 31 8 5 28 1 
10.0175 1 2 16 18 6 32 3 10 20 22 14 26 4 27 9 30 21 11 19 12 25 13 29 7 24 15 23 17 31 8 5 28 1 
10.0175 1 2 16 18 6 32 3 10 20 22 14 26 4 27 9 30 21 11 19 12 25 13 29 7 24 15 23 17 31 8 5 28 1 
10.0175 1 2 16 18 6 32 3 10 20 22 14 26 4 27 9 30 21 11 19 12 25 13 29 7 24 15 23 17 31 8 5 28 1 
10.0175 1 2 16 18 6 32 3 10 20 22 14 26 4 27 9 30 21 11 19 12 25 13 29 7 24 15 23 17 31 8 5 28 1 
10.0175 1 2 16 18 6 32 3 10 20 22 14 26 4 27 9 30 21 11 19 12 25 13 29 7 24 15 23 17 31 8 5 28 1 
10.0175 1 2 16 18 6 32 3 10 20 22 14 26 4 27 9 30 21 11 19 12 25 13 29 7 24 15 23 17 31 8 5 28 1 
10.0175 1 2 16 18 6 32 3 10 20 22 14 26 4 27 9 30 21 11 19 12 25 13 29 7 24 15 23 17 31 8 5 28 1 
10.0175 1 2 16 18 6 32 3 10 20 22 14 26 4 27 9 30 21 11 19 12 25 13 29 7 24 15 23 17 31 8 5 28 1 
10.0175 1 2 16 18 6 32 3 10 20 22 14 26 4 27 9 30 21 11 19 12 25 13 29 7 24 15 23 17 31 8 5 28 1 
10.0175 1 2 16 18 6 32 3 10 20 22 14 26 4 27 9 30 21 11 19 12 25 13 29 7 24 15 23 17 31 8 5 28 1 
10.0175 1 2 16 18 6 32 3 10 20 22 14 26 4 27 9 30 21 11 19 12 25 13 29 7 24 15 23 17 31 8 5 28 1 
10.0175 1 2 16 18 6 32 3 10 20 22 14 26 4 27 9 30 21 11 19 12 25 13 29 7 24 15 23 17 31 8 5 28 1 
10.0175 1 2 16 18 6 32 3 10 20 22 14 26 4 27 9 30 21 11 19 12 25 13 29 7 24 15 23 17 31 8 5 28 1 
10.0175 1 2 16 18 6 32 3 10 20 22 14 26 4 27 9 30 21 11 19 12 25 13 29 7 24 15 23 17 31 8 5 28 1 
10.0175 1 2 16 18 6 32 3 10 20 22 14 26 4 27 9 30 21 11 19 12 25 13 29 7 24 15 23 17 31 8 5 28 1 
10.0175 1 2 16 18 6 32 3 10 20 22 14 26 4 27 9 30 21 11 19 12 25 13 29 7 24 15 23 17 31 8 5 28 1 
10.0175 1 2 16 18 6 32 3 10 20 22 14 26 4 27 9 30 21 11 19 12 25 13 29 7 24 15 23 17 31 8 5 28 1 
10.0175 1 2 16 18 6 32 3 10 20 22 14 26 4 27 9 30 21 11 19 12 25 13 29 7 24 15 23 17 31 8 5 28 1 
10.0175 1 2 16 18 6 32 3 10 20 22 14 26 4 27 9 30 21 11 19 12 25 13 29 7 24 15 23 17 31 8 5 28 1 
10.0175 1 2 16 18 6 32 3 10 20 22 14 26 4 27 9 30 21 11 19 12 25 13 29 7 24 15 23 17 31 8 5 28 1 
10.0175 1 2 16 18 6 32 3 10 20 22 14 26 4 27 9 30 21 11 19 12 25 13 29 7 24 15 23 17 31 8 5 28 1 
10.0175 1 2 16 18 6 32 3 10 20 22 14 26 4 27 9 30 21 11 19 12 25 13 29 7 24 15 23 17 31 8 5 28 1 
10.0175 1 2 16 18 6 32 3 10 20 22 14 26 4 27 9 30 21 11 19 12 25 13 29 7 24 15 23 17 31 8 5 28 1 
10.0175 1 2 16 18 6 32 3 10 20 22 14 26 4 27 9 30 21 11 19 12 25 13 29 7 24 15 23 17 31 8 5 28 1 
10.0175 1 2 16 18 6 32 3 10 20 22 14 26 4 27 9 30 21 11 19 12 25 13 29 7 24 15 23 17 31 8 5 28 1 
10.0175 1 2 16 18 6 32 3 10 20 22 14 26 4 27 9 30 21 11 19 12 25 13 29 7 24 15 23 17 31 8 5 28 1 
10.0175 1 2 16 18 6 32 3 10 20 22 14 26 4 27 9 30 21 11 19 12 25 13 29 7 24 15 23 17 31 8 5 28 1 
10.0175 1 2 16 18 6 32 3 10 20 22 14 26 4 27 9 30 21 11 19 12 25 13 29 7 24 15 23 17 31 8 5 28 1 
10.0175 1 2 16 18 6 32 3 10 20 22 14 26 4 27 9 30 21 11 19 12 25 13 29 7 24 15 23 17 31 8 5 28 1 
10.0175 1 2 16 18 6 32 3 10 20 22 14 26 4 27 9 30 21 11 19 12 25 13 29 7 24 15 23 17 31 8 5 28 1 
10.0175 1 2 16 18 6 32 3 10 20 22 14 26 4 27 9 30 21 11 19 12 25 13 29 7 24 15 23 17 31 8 5 28 1 
10.0175 1 2 16 18 6 32 3 10 20 22 14 26 4 27 9 30 21 11 19 12 25 13 29 7 24 15 23 17 31 8 5 28 1 
10.0175 1 2 16 18 6 32 3 10 20 22 14 26 4 27 9 30 21 11 19 12 25 13 29 7 24 15 23 17 31 8 5 28 1 
10.0175 1 2 16 18 6 32 3 10 20 22 14 26 4 27 9 30 21 11 19 12 25 13 29 7 24 15 23 17 31 8 5 28 1 
10.0175 1 2 16 18 6 32 3 10 20 22 14 26 4 27 9 30 21 11 19 12 25 13 29 7 24 15 23 17 31 8 5 28 1 
10.0175 1 2 16 18 6 32 3 10 20 22 14 26 4 27 9 30 21 11 19 12 25 13 29 7 24 15 23 17 31 8 5 28 1 
10.0175 1 2 16 18 6 32 3 10 20 22 14 26 4 27 9 30 21 11 19 12 25 13 29 7 24 15 23 17 31 8 5 28 1 
10.0175 1 2 16 18 6 32 3 10 20 22 14 26 4 27 9 30 21 11 19 12 25 13 29 7 24 15 23 17 31 8 5 28 1 
10.0175 1 2 16 18 6 32 3 10 20 22 14 26 4 27 9 30 21 11 19 12 25 13 29 7 24 15 23 17 31 8 5 28 1 
10.0175 1 2 16 18 6 32 3 10 20 22 14 26 4 27 9 30 21 11 19 12 25 13 29 7 24 15 23 17 31 8 5 28 1 
10.0175 1 2 16 18 6 32 3 10 20 22 14 26 4 27 9 30 21 11 19 12 25 13 29 7 24 15 23 17 31 8 5 28 1 
10.0175 1 2 16 18 6 32 3 10 20 22 14 26 4 27 9 30 21 11 19 12 25 13 29 7 24 15 23 17 31 8 5 28 1 
10.0175 1 2 16 18 6 32 3 10 20 22 14 26 4 27 9 30 21 11 19 12 25 13 29 7 24 15 23 17 31 8 5 28 1 
10.0175 1 2 16 18 6 32 3 10 20 22 14 26 4 27 9 30 21 11 19 12 25 13 29 7 24 15 23 17 31 8 5 28 1 
10.0175 1 2 16 18 6 32 3 10 20 22 14 26 4 27 9 30 21 11 19 12 25 13 29 7 24 15 23 17 31 8 5 28 1 
10.0175 1 2 16 18 6 32 3 10 20 22 14 26 4 27 9 30 21 11 19 12 25 13 29 7 24 15 23 17 31 8 5 28 1 
10.0175 1 2 16 18 6 32 3 10 20 22 14 26 4 27 9 30 21 11 19 12 25 13 29 7 24 15 23 17 31 8 5 28 1 
10.0175 1 2 16 18 6 32 3 10 20 22 14 26 4 27 9 30 21 11 19 12 25 13 29 7 24 15 23 17 31 8 5 28 1 
10.0175 1 2 16 18 6 32 3 10 20 22 14 26 4 27 9 30 21 11 19 12 25 13 29 7 24 15 23 17 31 8 5 28 1 
10.0175 1 2 16 18 6 32 3 10 20 22 14 26 4 27 9 30 21 11 19 12 25 13 29 7 24 15 23 17 31 8 5 28 1 
10.0175 1 2 16 18 6 32 3 10 20 22 14 26 4 27 9 30 21 11 19 12 25 13 29 7 24 15 23 17 31 8 5 28 1 
10.0175 1 2 16 18 6 32 3 10 20 22 14 26 4 27 9 30 21 11 19 12 25 13 29 7 24 15 23 17 31 8 5 28 1 
10.0175 1 2 16 18 6 32 3 10 20 22 14 26 4 27 9 30 21 11 19 12 25 13 29 7 24 15 23 17 31 8 5 28 1 
10.0175 1 2 16 18 6 32 3 10 20 22 14 26 4 27 9 30 21 11 19 12 25 13 29 7 24 15 23 17 31 8 5 28 1 
10.0175 1 2 16 18 6 32 3 10 20 22 14 26 4 27 9 30 21 11 19 12 25 13 29 7 24 15 23 17 31 8 5 28 1 
10.0175 1 2 16 18 6 32 3 10 20 22 14 26 4 27 9 30 21 11 19 12 25 13 29 7 24 15 23 17 31 8 5 28 1 
10.0175 1 2 16 18 6 32 3 10 20 22 14 26 4 27 9 30 21 11 19 12 25 13 29 7 24 15 23 17 31 8 5 28 1 
10.0175 1 2 16 18 6 32 3 10 20 22 14 26 4 27 9 30 21 11 19 12 25 13 29 7 24 15 23 17 31 8 5 28 1 
10.0175 1 2 16 18 6 32 3 10 20 22 14 26 4 27 9 30 21 11 19 12 25 13 29 7 24 15 23 17 31 8 5 28 1 
10.0175 1 2 16 18 6 32 3 10 20 22 14 26 4 27 9 30 21 11 19 12 25 13 29 7 24 15 23 17 31 8 5 28 1 
10.0175 1 2 16 18 6 32 3 10 20 22 14 26 4 27 9 30 21 11 19 12 25 13 29 7 24 15 23 17 31 8 5 28 1 
10.0175 1 2 16 18 6 32 3 10 20 22 14 26 4 27 9 30 21 11 19 12 25 13 29 7 24 15 23 17 31 8 5 28 1 
10.0175 1 2 16 18 6 32 3 10 20 22 14 26 4 27 9 30 21 11 19 12 25 13 29 7 24 15 23 17 31 8 5 28 1 
10.0175 1 2 16 18 6 32 3 10 20 22 14 26 4 27 9 30 21 11 19 12 25 13 29 7 24 15 23 17 31 8 5 28 1 
9.97023 1 2 16 18 6 32 3 10 22 20 14 26 4 27 9 30 21 11 19 12 25 13 29 7 24 15 23 17 31 8 5 28 1 
9.97023 1 2 16 18 6 32 3 10 22 20 14 26 4 27 9 30 21 11 19 12 25 13 29 7 24 15 23 17 31 8 5 28 1 
9.97023 1 2 16 18 6 32 3 10 22 20 14 26 4 27 9 30 21 11 19 12 25 13 29 7 24 15 23 17 31 8 5 28 1 
9.97023 1 2 16 18 6 32 3 10 22 20 14 26 4 27 9 30 21 11 19 12 25 13 29 7 24 15 23 17 31 8 5 28 1 
9.97023 1 2 16 18 6 32 3 10 22 20 14 26 4 27 9 30 21 11 19 12 25 13 29 7 24 15 23 17 31 8 5 28 1 
9.97023 1 2 16 18 6 32 3 10 22 20 14 26 4 27 9 30 21 11 19 12 25 13 29 7 24 15 23 17 31 8 5 28 1 
9.97023 1 2 16 18 6 32 3 10 22 20 14 26 4 27 9 30 21 11 19 12 25 13 29 7 24 15 23 17 31 8 5 28 1 
9.97023 1 2 16 18 6 32 3 10 22 20 14 26 4 27 9 30 21 11 19 12 25 13 29 7 24 15 23 17 31 8 5 28 1 
9.97023 1 2 16 18 6 32 3 10 22 20 14 26 4 27 9 30 21 11 19 12 25 13 29 7 24 15 23 17 31 8 5 28 1 
9.97023 1 2 16 18 6 32 3 10 22 20 14 26 4 27 9 30 21 11 19 12 25 13 29 7 24 15 23 17 31 8 5 28 1 
9.97023 1 2 16 18 6 32 3 10 22 20 14 26 4 27 9 30 21 11 19 12 25 13 29 7 24 15 23 17 31 8 5 28 1 
9.97023 1 2 16 18 6 32 3 10 22 20 14 26 4 27 9 30 21 11 19 12 25 13 29 7 24 15 23 17 31 8 5 28 1 
9.97023 1 2 16 18 6 32 3 10 22 20 14 26 4 27 9 30 21 11 19 12 25 13 29 7 24 15 23 17 31 8 5 28 1 
9.97023 1 2 16 18 6 32 3 10 22 20 14 26 4 27 9 30 21 11 19 12 25 13 29 7 24 15 23 17 31 8 5 28 1 
9.97023 1 2 16 18 6 32 3 10 22 20 14 26 4 27 9 30 21 11 19 12 25 13 29 7 24 15 23 17 31 8 5 28 1 
9.97023 1 2 16 18 6 32 3 10 22 20 14 26 4 27 9 30 21 11 19 12 25 13 29 7 24 15 23 17 31 8 5 28 1 
9.97023 1 2 16 18 6 32 3 10 22 20 14 26 4 27 9 30 21 11 19 12 25 13 29 7 24 15 23 17 31 8 5 28 1 
9.97023 1 2 16 18 6 32 3 10 22 20 14 26 4 27 9 30 21 11 19 12 25 13 29 7 24 15 23 17 31 8 5 28 1 
9.97023 1 2 16 18 6 32 3 10 22 20 14 26 4 27 9 30 21 11 19 12 25 13 29 7 24 15 23 17 31 8 5 28 1 
9.97023 1 2 16 18 6 32 3 10 22 20 14 26 4 27 9 30 21 11 19 12 25 13 29 7 24 15 23 17 31 8 5 28 1 
9.97023 1 2 16 18 6 32 3 10 22 20 14 26 4 27 9 30 21 11 19 12 25 13 29 7 24 15 23 17 31 8 5 28 1 
9.97023 1 2 16 18 6 32 3 10 22 20 14 26 4 27 9 30 21 11 19 12 25 13 29 7 24 15 23 17 31 8 5 28 1 
9.97023 1 2 16 18 6 32 3 10 22 20 14 26 4 27 9 30 21 11 19 12 25 13 29 7 24 15 23 17 31 8 5 28 1 
9.97023 1 2 16 18 6 32 3 10 22 20 14 26 4 27 9 30 21 11 19 12 25 13 29 7 24 15 23 17 31 8 5 28 1 
9.97023 1 2 16 18 6 32 3 10 22 20 14 26 4 27 9 30 21 11 19 12 25 13 29 7 24 15 23 17 31 8 5 28 1 
9.97023 1 2 16 18 6 32 3 10 22 20 14 26 4 27 9 30 21 11 19 12 25 13 29 7 24 15 23 17 31 8 5 28 1 
9.97023 1 2 16 18 6 32 3 10 22 20 14 26 4 27 9 30 21 11 19 12 25 13 29 7 24 15 23 17 31 8 5 28 1 
9.97023 1 2 16 18 6 32 3 10 22 20 14 26 4 27 9 30 21 11 19 12 25 13 29 7 24 15 23 17 31 8 5 28 1 
9.97023 1 2 16 18 6 32 3 10 22 20 14 26 4 27 9 30 21 11 19 12 25 13 29 7 24 15 23 17 31 8 5 28 1 
9.97023 1 2 16 18 6 32 3 10 22 20 14 26 4 27 9 30 21 11 19 12 25 13 29 7 24 15 23 17 31 8 5 28 1 
9.97023 1 2 16 18 6 32 3 10 22 20 14 26 4 27 9 30 21 11 19 12 25 13 29 7 24 15 23 17 31 8 5 28 1 
9.97023 1 2 16 18 6 32 3 10 22 20 14 26 4 27 9 30 21 11 19 12 25 13 29 7 24 15 23 17 31 8 5 28 1 
9.97023 1 2 16 18 6 32 3 10 22 20 14 26 4 27 9 30 21 11 19 12 25 13 29 7 24 15 23 17 31 8 5 28 1 
9.97023 1 2 16 18 6 32 3 10 22 20 14 26 4 27 9 30 21 11 19 12 25 13 29 7 24 15 23 17 31 8 5 28 1 
9.97023 1 2 16 18 6 32 3 10 22 20 14 26 4 27 9 30 21 11 19 12 25 13 29 7 24 15 23 17 31 8 5 28 1 
9.97023 1 2 16 18 6 32 3 10 22 20 14 26 4 27 9 30 21 11 19 12 25 13 29 7 24 15 23 17 31 8 5 28 1 
9.97023 1 2 16 18 6 32 3 10 22 20 14 26 4 27 9 30 21 11 19 12 25 13 29 7 24 15 23 17 31 8 5 28 1 
9.97023 1 2 16 18 6 32 3 10 22 20 14 26 4 27 9 30 21 11 19 12 25 13 29 7 24 15 23 17 31 8 5 28 1 
9.97023 1 2 16 18 6 32 3 10 22 20 14 26 4 27 9 30 21 11 19 12 25 13 29 7 24 15 23 17 31 8 5 28 1 
9.97023 1 2 16 18 6 32 3 10 22 20 14 26 4 27 9 30 21 11 19 12 25 13 29 7 24 15 23 17 31 8 5 28 1 
9.97023 1 2 16 18 6 32 3 10 22 20 14 26 4 27 9 30 21 11 19 12 25 13 29 7 24 15 23 17 31 8 5 28 1 
9.97023 1 2 16 18 6 32 3 10 22 20 14 26 4 27 9 30 21 11 19 12 25 13 29 7 24 15 23 17 31 8 5 28 1 
9.97023 1 2 16 18 6 32 3 10 22 20 14 26 4 27 9 30 21 11 19 12 25 13 29 7 24 15 23 17 31 8 5 28 1 
9.97023 1 2 16 18 6 32 3 10 22 20 14 26 4 27 9 30 21 11 19 12 25 13 29 7 24 15 23 17 31 8 5 28 1 
9.97023 1 2 16 18 6 32 3 10 22 20 14 26 4 27 9 30 21 11 19 12 25 13 29 7 24 15 23 17 31 8 5 28 1 
9.97023 1 2 16 18 6 32 3 10 22 20 14 26 4 27 9 30 21 11 19 12 25 13 29 7 24 15 23 17 31 8 5 28 1 
9.97023 1 2 16 18 6 32 3 10 22 20 14 26 4 27 9 30 21 11 19 12 25 13 29 7 24 15 23 17 31 8 5 28 1 
9.97023 1 2 16 18 6 32 3 10 22 20 14 26 4 27 9 30 21 11 19 12 25 13 29 7 24 15 23 17 31 8 5 28 1 
9.97023 1 2 16 18 6 32 3 10 22 20 14 26 4 27 9 30 21 11 19 12 25 13 29 7 24 15 23 17 31 8 5 28 1 
9.97023 1 2 16 18 6 32 3 10 22 20 14 26 4 27 9 30 21 11 19 12 25 13 29 7 24 15 23 17 31 8 5 28 1 
9.97023 1 2 16 18 6 32 3 10 22 20 14 26 4 27 9 30 21 11 19 12 25 13 29 7 24 15 23 17 31 8 5 28 1 
9.97023 1 2 16 18 6 32 3 10 22 20 14 26 4 27 9 30 21 11 19 12 25 13 29 7 24 15 23 17 31 8 5 28 1 
9.97023 1 2 16 18 6 32 3 10 22 20 14 26 4 27 9 30 21 11 19 12 25 13 29 7 24 15 23 17 31 8 5 28 1 
9.97023 1 2 16 18 6 32 3 10 22 20 14 26 4 27 9 30 21 11 19 12 25 13 29 7 24 15 23 17 31 8 5 28 1 
9.97023 1 2 16 18 6 32 3 10 22 20 14 26 4 27 9 30 21 11 19 12 25 13 29 7 24 15 23 17 31 8 5 28 1 
9.97023 1 2 16 18 6 32 3 10 22 20 14 26 4 27 9 30 21 11 19 12 25 13 29 7 24 15 23 17 31 8 5 28 1 
9.97023 1 2 16 18 6 32 3 10 22 20 14 26 4 27 9 30 21 11 19 12 25 13 29 7 24 15 23 17 31 8 5 28 1 
9.97023 1 2 16 18 6 32 3 10 22 20 14 26 4 27 9 30 21 11 19 12 25 13 29 7 24 15 23 17 31 8 5 28 1 
9.97023 1 2 16 18 6 32 3 10 22 20 14 26 4 27 9 30 21 11 19 12 25 13 29 7 24 15 23 17 31 8 5 28 1 
9.97023 1 2 16 18 6 32 3 10 22 20 14 26 4 27 9 30 21 11 19 12 25 13 29 7 24 15 23 17 31 8 5 28 1 
9.97023 1 2 16 18 6 32 3 10 22 20 14 26 4 27 9 30 21 11 19 12 25 13 29 7 24 15 23 17 31 8 5 28 1 
9.97023 1 2 16 18 6 32 3 10 22 20 14 26 4 27 9 30 21 11 19 12 25 13 29 7 24 15 23 17 31 8 5 28 1 
9.97023 1 2 16 18 6 32 3 10 22 20 14 26 4 27 9 30 21 11 19 12 25 13 29 7 24 15 23 17 31 8 5 28 1 
9.97023 1 2 16 18 6 32 3 10 22 20 14 26 4 27 9 30 21 11 19 12 25 13 29 7 24 15 23 17 31 8 5 28 1 
9.97023 1 2 16 18 6 32 3 10 22 20 14 26 4 27 9 30 21 11 19 12 25 13 29 7 24 15 23 17 31 8 5 28 1 
9.90334 1 2 16 20 18 6 32 3 10 22 14 26 4 27 9 30 21 11 19 12 25 13 29 7 24 15 23 17 31 8 5 28 1 
9.90334 1 2 16 20 18 6 32 3 10 22 14 26 4 27 9 30 21 11 19 12 25 13 29 7 24 15 23 17 31 8 5 28 1 
9.90334 1 2 16 20 18 6 32 3 10 22 14 26 4 27 9 30 21 11 19 12 25 13 29 7 24 15 23 17 31 8 5 28 1 
9.90334 1 2 16 20 18 6 32 3 10 22 14 26 4 27 9 30 21 11 19 12 25 13 29 7 24 15 23 17 31 8 5 28 1 
9.90334 1 2 16 20 18 6 32 3 10 22 14 26 4 27 9 30 21 11 19 12 25 13 29 7 24 15 23 17 31 8 5 28 1 
9.90334 1 2 16 20 18 6 32 3 10 22 14 26 4 27 9 30 21 11 19 12 25 13 29 7 24 15 23 17 31 8 5 28 1 
9.90334 1 2 16 20 18 6 32 3 10 22 14 26 4 27 9 30 21 11 19 12 25 13 29 7 24 15 23 17 31 8 5 28 1 
9.90334 1 2 16 20 18 6 32 3 10 22 14 26 4 27 9 30 21 11 19 12 25 13 29 7 24 15 23 17 31 8 5 28 1 
9.90334 1 2 16 20 18 6 32 3 10 22 14 26 4 27 9 30 21 11 19 12 25 13 29 7 24 15 23 17 31 8 5 28 1 
9.90334 1 2 16 20 18 6 32 3 10 22 14 26 4 27 9 30 21 11 19 12 25 13 29 7 24 15 23 17 31 8 5 28 1 
9.90334 1 2 16 20 18 6 32 3 10 22 14 26 4 27 9 30 21 11 19 12 25 13 29 7 24 15 23 17 31 8 5 28 1 
9.90334 1 2 16 20 18 6 32 3 10 22 14 26 4 27 9 30 21 11 19 12 25 13 29 7 24 15 23 17 31 8 5 28 1 
9.90334 1 2 16 20 18 6 32 3 10 22 14 26 4 27 9 30 21 11 19 12 25 13 29 7 24 15 23 17 31 8 5 28 1 
9.90334 1 2 16 20 18 6 32 3 10 22 14 26 4 27 9 30 21 11 19 12 25 13 29 7 24 15 23 17 31 8 5 28 1 
9.90334 1 2 16 20 18 6 32 3 10 22 14 26 4 27 9 30 21 11 19 12 25 13 29 7 24 15 23 17 31 8 5 28 1 
9.90334 1 2 16 20 18 6 32 3 10 22 14 26 4 27 9 30 21 11 19 12 25 13 29 7 24 15 23 17 31 8 5 28 1 
9.90334 1 2 16 20 18 6 32 3 10 22 14 26 4 27 9 30 21 11 19 12 25 13 29 7 24 15 23 17 31 8 5 28 1 
9.90334 1 2 16 20 18 6 32 3 10 22 14 26 4 27 9 30 21 11 19 12 25 13 29 7 24 15 23 17 31 8 5 28 1 
9.90334 1 2 16 20 18 6 32 3 10 22 14 26 4 27 9 30 21 11 19 12 25 13 29 7 24 15 23 17 31 8 5 28 1 
9.90334 1 2 16 20 18 6 32 3 10 22 14 26 4 27 9 30 21 11 19 12 25 13 29 7 24 15 23 17 31 8 5 28 1 
9.90334 1 2 16 20 18 6 32 3 10 22 14 26 4 27 9 30 21 11 19 12 25 13 29 7 24 15 23 17 31 8 5 28 1 
9.90334 1 2 16 20 18 6 32 3 10 22 14 26 4 27 9 30 21 11 19 12 25 13 29 7 24 15 23 17 31 8 5 28 1 
9.90334 1 2 16 20 18 6 32 3 10 22 14 26 4 27 9 30 21 11 19 12 25 13 29 7 24 15 23 17 31 8 5 28 1 
9.90334 1 2 16 20 18 6 32 3 10 22 14 26 4 27 9 30 21 11 19 12 25 13 29 7 24 15 23 17 31 8 5 28 1 
9.90334 1 2 16 20 18 6 32 3 10 22 14 26 4 27 9 30 21 11 19 12 25 13 29 7 24 15 23 17 31 8 5 28 1 
9.90334 1 2 16 20 18 6 32 3 10 22 14 26 4 27 9 30 21 11 19 12 25 13 29 7 24 15 23 17 31 8 5 28 1 
9.90334 1 2 16 20 18 6 32 3 10 22 14 26 4 27 9 30 21 11 19 12 25 13 29 7 24 15 23 17 31 8 5 28 1 
9.90334 1 2 16 20 18 6 32 3 10 22 14 26 4 27 9 30 21 11 19 12 25 13 29 7 24 15 23 17 31 8 5 28 1 
9.90334 1 2 16 20 18 6 32 3 10 22 14 26 4 27 9 30 21 11 19 12 25 13 29 7 24 15 23 17 31 8 5 28 1 
9.90334 1 2 16 20 18 6 32 3 10 22 14 26 4 27 9 30 21 11 19 12 25 13 29 7 24 15 23 17 31 8 5 28 1 
9.90334 1 2 16 20 18 6 32 3 10 22 14 26 4 27 9 30 21 11 19 12 25 13 29 7 24 15 23 17 31 8 5 28 1 
9.90334 1 2 16 20 18 6 32 3 10 22 14 26 4 27 9 30 21 11 19 12 25 13 29 7 24 15 23 17 31 8 5 28 1 
9.90334 1 2 16 20 18 6 32 3 10 22 14 26 4 27 9 30 21 11 19 12 25 13 29 7 24 15 23 17 31 8 5 28 1 
9.90334 1 2 16 20 18 6 32 3 10 22 14 26 4 27 9 30 21 11 19 12 25 13 29 7 24 15 23 17 31 8 5 28 1 
9.90334 1 2 16 20 18 6 32 3 10 22 14 26 4 27 9 30 21 11 19 12 25 13 29 7 24 15 23 17 31 8 5 28 1 
9.90334 1 2 16 20 18 6 32 3 10 22 14 26 4 27 9 30 21 11 19 12 25 13 29 7 24 15 23 17 31 8 5 28 1 
9.90334 1 2 16 20 18 6 32 3 10 22 14 26 4 27 9 30 21 11 19 12 25 13 29 7 24 15 23 17 31 8 5 28 1 
9.90334 1 2 16 20 18 6 32 3 10 22 14 26 4 27 9 30 21 11 19 12 25 13 29 7 24 15 23 17 31 8 5 28 1 
9.90334 1 2 16 20 18 6 32 3 10 22 14 26 4 27 9 30 21 11 19 12 25 13 29 7 24 15 23 17 31 8 5 28 1 
9.90334 1 2 16 20 18 6 32 3 10 22 14 26 4 27 9 30 21 11 19 12 25 13 29 7 24 15 23 17 31 8 5 28 1 
9.90334 1 2 16 20 18 6 32 3 10 22 14 26 4 27 9 30 21 11 19 12 25 13 29 7 24 15 23 17 31 8 5 28 1 
9.90334 1 2 16 20 18 6 32 3 10 22 14 26 4 27 9 30 21 11 19 12 25 13 29 7 24 15 23 17 31 8 5 28 1 
9.90334 1 2 16 20 18 6 32 3 10 22 14 26 4 27 9 30 21 11 19 12 25 13 29 7 24 15 23 17 31 8 5 28 1 
9.90334 1 2 16 20 18 6 32 3 10 22 14 26 4 27 9 30 21 11 19 12 25 13 29 7 24 15 23 17 31 8 5 28 1 
9.90334 1 2 16 20 18 6 32 3 10 22 14 26 4 27 9 30 21 11 19 12 25 13 29 7 24 15 23 17 31 8 5 28 1 
9.90334 1 2 16 20 18 6 32 3 10 22 14 26 4 27 9 30 21 11 19 12 25 13 29 7 24 15 23 17 31 8 5 28 1 
9.90334 1 2 16 20 18 6 32 3 10 22 14 26 4 27 9 30 21 11 19 12 25 13 29 7 24 15 23 17 31 8 5 28 1 
9.90334 1 2 16 20 18 6 32 3 10 22 14 26 4 27 9 30 21 11 19 12 25 13 29 7 24 15 23 17 31 8 5 28 1 
9.90334 1 2 16 20 18 6 32 3 10 22 14 26 4 27 9 30 21 11 19 12 25 13 29 7 24 15 23 17 31 8 5 28 1 
9.90334 1 2 16 20 18 6 32 3 10 22 14 26 4 27 9 30 21 11 19 12 25 13 29 7 24 15 23 17 31 8 5 28 1 
9.90334 1 2 16 20 18 6 32 3 10 22 14 26 4 27 9 30 21 11 19 12 25 13 29 7 24 15 23 17 31 8 5 28 1 
9.90334 1 2 16 20 18 6 32 3 10 22 14 26 4 27 9 30 21 11 19 12 25 13 29 7 24 15 23 17 31 8 5 28 1 
9.90334 1 2 16 20 18 6 32 3 10 22 14 26 4 27 9 30 21 11 19 12 25 13 29 7 24 15 23 17 31 8 5 28 1 
9.90334 1 2 16 20 18 6 32 3 10 22 14 26 4 27 9 30 21 11 19 12 25 13 29 7 24 15 23 17 31 8 5 28 1 
9.90334 1 2 16 20 18 6 32 3 10 22 14 26 4 27 9 30 21 11 19 12 25 13 29 7 24 15 23 17 31 8 5 28 1 
9.90334 1 2 16 20 18 6 32 3 10 22 14 26 4 27 9 30 21 11 19 12 25 13 29 7 24 15 23 17 31 8 5 28 1 
9.90334 1 2 16 20 18 6 32 3 10 22 14 26 4 27 9 30 21 11 19 12 25 13 29 7 24 15 23 17 31 8 5 28 1 
9.90334 1 2 16 20 18 6 32 3 10 22 14 26 4 27 9 30 21 11 19 12 25 13 29 7 24 15 23 17 31 8 5 28 1 
9.90334 1 2 16 20 18 6 32 3 10 22 14 26 4 27 9 30 21 11 19 12 25 13 29 7 24 15 23 17 31 8 5 28 1 
9.90334 1 2 16 20 18 6 32 3 10 22 14 26 4 27 9 30 21 11 19 12 25 13 29 7 24 15 23 17 31 8 5 28 1 
9.90334 1 2 16 20 18 6 32 3 10 22 14 26 4 27 9 30 21 11 19 12 25 13 29 7 24 15 23 17 31 8 5 28 1 
9.90334 1 2 16 20 18 6 32 3 10 22 14 26 4 27 9 30 21 11 19 12 25 13 29 7 24 15 23 17 31 8 5 28 1 
9.90334 1 2 16 20 18 6 32 3 10 22 14 26 4 27 9 30 21 11 19 12 25 13 29 7 24 15 23 17 31 8 5 28 1 
9.90334 1 2 16 20 18 6 32 3 10 22 14 26 4 27 9 30 21 11 19 12 25 13 29 7 24 15 23 17 31 8 5 28 1 
9.90334 1 2 16 20 18 6 32 3 10 22 14 26 4 27 9 30 21 11 19 12 25 13 29 7 24 15 23 17 31 8 5 28 1 
9.90334 1 2 16 20 18 6 32 3 10 22 14 26 4 27 9 30 21 11 19 12 25 13 29 7 24 15 23 17 31 8 5 28 1 
9.90334 1 2 16 20 18 6 32 3 10 22 14 26 4 27 9 30 21 11 19 12 25 13 29 7 24 15 23 17 31 8 5 28 1 
9.90334 1 2 16 20 18 6 32 3 10 22 14 26 4 27 9 30 21 11 19 12 25 13 29 7 24 15 23 17 31 8 5 28 1 
9.90334 1 2 16 20 18 6 32 3 10 22 14 26 4 27 9 30 21 11 19 12 25 13 29 7 24 15 23 17 31 8 5 28 1 
9.90334 1 2 16 20 18 6 32 3 10 22 14 26 4 27 9 30 21 11 19 12 25 13 29 7 24 15 23 17 31 8 5 28 1 
9.90334 1 2 16 20 18 6 32 3 10 22 14 26 4 27 9 30 21 11 19 12 25 13 29 7 24 15 23 17 31 8 5 28 1 
9.90334 1 2 16 20 18 6 32 3 10 22 14 26 4 27 9 30 21 11 19 12 25 13 29 7 24 15 23 17 31 8 5 28 1 
9.90334 1 2 16 20 18 6 32 3 10 22 14 26 4 27 9 30 21 11 19 12 25 13 29 7 24 15 23 17 31 8 5 28 1 
9.90334 1 2 16 20 18 6 32 3 10 22 14 26 4 27 9 30 21 11 19 12 25 13 29 7 24 15 23 17 31 8 5 28 1 
9.90334 1 2 16 20 18 6 32 3 10 22 14 26 4 27 9 30 21 11 19 12 25 13 29 7 24 15 23 17 31 8 5 28 1 
9.90334 1 2 16 20 18 6 32 3 10 22 14 26 4 27 9 30 21 11 19 12 25 13 29 7 24 15 23 17 31 8 5 28 1 
9.90334 1 2 16 20 18 6 32 3 10 22 14 26 4 27 9 30 21 11 19 12 25 13 29 7 24 15 23 17 31 8 5 28 1 
9.90334 1 2 16 20 18 6 32 3 10 22 14 26 4 27 9 30 21 11 19 12 25 13 29 7 24 15 23 17 31 8 5 28 1 
9.90334 1 2 16 20 18 6 32 3 10 22 14 26 4 27 9 30 21 11 19 12 25 13 29 7 24 15 23 17 31 8 5 28 1 
9.90334 1 2 16 20 18 6 32 3 10 22 14 26 4 27 9 30 21 11 19 12 25 13 29 7 24 15 23 17 31 8 5 28 1 
9.90334 1 2 16 20 18 6 32 3 10 22 14 26 4 27 9 30 21 11 19 12 25 13 29 7 24 15 23 17 31 8 5 28 1 
9.90334 1 2 16 20 18 6 32 3 10 22 14 26 4 27 9 30 21 11 19 12 25 13 29 7 24 15 23 17 31 8 5 28 1 
9.90334 1 2 16 20 18 6 32 3 10 22 14 26 4 27 9 30 21 11 19 12 25 13 29 7 24 15 23 17 31 8 5 28 1 
9.90334 1 2 16 20 18 6 32 3 10 22 14 26 4 27 9 30 21 11 19 12 25 13 29 7 24 15 23 17 31 8 5 28 1 
9.90334 1 2 16 20 18 6 32 3 10 22 14 26 4 27 9 30 21 11 19 12 25 13 29 7 24 15 23 17 31 8 5 28 1 
9.90334 1 2 16 20 18 6 32 3 10 22 14 26 4 27 9 30 21 11 19 12 25 13 29 7 24 15 23 17 31 8 5 28 1 
9.90334 1 2 16 20 18 6 32 3 10 22 14 26 4 27 9 30 21 11 19 12 25 13 29 7 24 15 23 17 31 8 5 28 1 
9.90334 1 2 16 20 18 6 32 3 10 22 14 26 4 27 9 30 21 11 19 12 25 13 29 7 24 15 23 17 31 8 5 28 1 
9.90334 1 2 16 20 18 6 32 3 10 22 14 26 4 27 9 30 21 11 19 12 25 13 29 7 24 15 23 17 31 8 5 28 1 
9.90334 1 2 16 20 18 6 32 3 10 22 14 26 4 27 9 30 21 11 19 12 25 13 29 7 24 15 23 17 31 8 5 28 1 
9.90334 1 2 16 20 18 6 32 3 10 22 14 26 4 27 9 30 21 11 19 12 25 13 29 7 24 15 23 17 31 8 5 28 1 
9.90334 1 2 16 20 18 6 32 3 10 22 14 26 4 27 9 30 21 11 19 12 25 13 29 7 24 15 23 17 31 8 5 28 1 
9.90334 1 2 16 20 18 6 32 3 10 22 14 26 4 27 9 30 21 11 19 12 25 13 29 7 24 15 23 17 31 8 5 28 1 
9.90334 1 2 16 20 18 6 32 3 10 22 14 26 4 27 9 30 21 11 19 12 25 13 29 7 24 15 23 17 31 8 5 28 1 
9.90334 1 2 16 20 18 6 32 3 10 22 14 26 4 27 9 30 21 11 19 12 25 13 29 7 24 15 23 17 31 8 5 28 1 
9.90334 1 2 16 20 18 6 32 3 10 22 14 26 4 27 9 30 21 11 19 12 25 13 29 7 24 15 23 17 31 8 5 28 1 
9.90334 1 2 16 20 18 6 32 3 10 22 14 26 4 27 9 30 21 11 19 12 25 13 29 7 24 15 23 17 31 8 5 28 1 
9.90334 1 2 16 20 18 6 32 3 10 22 14 26 4 27 9 30 21 11 19 12 25 13 29 7 24 15 23 17 31 8 5 28 1 
9.90334 1 2 16 20 18 6 32 3 10 22 14 26 4 27 9 30 21 11 19 12 25 13 29 7 24 15 23 17 31 8 5 28 1 
9.90334 1 2 16 20 18 6 32 3 10 22 14 26 4 27 9 30 21 11 19 12 25 13 29 7 24 15 23 17 31 8 5 28 1 
9.90334 1 2 16 20 18 6 32 3 10 22 14 26 4 27 9 30 21 11 19 12 25 13 29 7 24 15 23 17 31 8 5 28 1 
9.90334 1 2 16 20 18 6 32 3 10 22 14 26 4 27 9 30 21 11 19 12 25 13 29 7 24 15 23 17 31 8 5 28 1 
9.90334 1 2 16 20 18 6 32 3 10 22 14 26 4 27 9 30 21 11 19 12 25 13 29 7 24 15 23 17 31 8 5 28 1 
9.90334 1 2 16 20 18 6 32 3 10 22 14 26 4 27 9 30 21 11 19 12 25 13 29 7 24 15 23 17 31 8 5 28 1 
9.90334 1 2 16 20 18 6 32 3 10 22 14 26 4 27 9 30 21 11 19 12 25 13 29 7 24 15 23 17 31 8 5 28 1 
9.90334 1 2 16 20 18 6 32 3 10 22 14 26 4 27 9 30 21 11 19 12 25 13 29 7 24 15 23 17 31 8 5 28 1 
9.90334 1 2 16 20 18 6 32 3 10 22 14 26 4 27 9 30 21 11 19 12 25 13 29 7 24 15 23 17 31 8 5 28 1 
9.90334 1 2 16 20 18 6 32 3 10 22 14 26 4 27 9 30 21 11 19 12 25 13 29 7 24 15 23 17 31 8 5 28 1 
9.90334 1 2 16 20 18 6 32 3 10 22 14 26 4 27 9 30 21 11 19 12 25 13 29 7 24 15 23 17 31 8 5 28 1 
9.90334 1 2 16 20 18 6 32 3 10 22 14 26 4 27 9 30 21 11 19 12 25 13 29 7 24 15 23 17 31 8 5 28 1 
9.90334 1 2 16 20 18 6 32 3 10 22 14 26 4 27 9 30 21 11 19 12 25 13 29 7 24 15 23 17 31 8 5 28 1 
9.90334 1 2 16 20 18 6 32 3 10 22 14 26 4 27 9 30 21 11 19 12 25 13 29 7 24 15 23 17 31 8 5 28 1 
9.90334 1 2 16 20 18 6 32 3 10 22 14 26 4 27 9 30 21 11 19 12 25 13 29 7 24 15 23 17 31 8 5 28 1 
9.90334 1 2 16 20 18 6 32 3 10 22 14 26 4 27 9 30 21 11 19 12 25 13 29 7 24 15 23 17 31 8 5 28 1 
9.90334 1 2 16 20 18 6 32 3 10 22 14 26 4 27 9 30 21 11 19 12 25 13 29 7 24 15 23 17 31 8 5 28 1 
9.90334 1 2 16 20 18 6 32 3 10 22 14 26 4 27 9 30 21 11 19 12 25 13 29 7 24 15 23 17 31 8 5 28 1 
9.90334 1 2 16 20 18 6 32 3 10 22 14 26 4 27 9 30 21 11 19 12 25 13 29 7 24 15 23 17 31 8 5 28 1 
9.90334 1 2 16 20 18 6 32 3 10 22 14 26 4 27 9 30 21 11 19 12 25 13 29 7 24 15 23 17 31 8 5 28 1 
9.90334 1 2 16 20 18 6 32 3 10 22 14 26 4 27 9 30 21 11 19 12 25 13 29 7 24 15 23 17 31 8 5 28 1 
9.90334 1 2 16 20 18 6 32 3 10 22 14 26 4 27 9 30 21 11 19 12 25 13 29 7 24 15 23 17 31 8 5 28 1 
9.90334 1 2 16 20 18 6 32 3 10 22 14 26 4 27 9 30 21 11 19 12 25 13 29 7 24 15 23 17 31 8 5 28 1 
9.90334 1 2 16 20 18 6 32 3 10 22 14 26 4 27 9 30 21 11 19 12 25 13 29 7 24 15 23 17 31 8 5 28 1 
9.90334 1 2 16 20 18 6 32 3 10 22 14 26 4 27 9 30 21 11 19 12 25 13 29 7 24 15 23 17 31 8 5 28 1 
9.90334 1 2 16 20 18 6 32 3 10 22 14 26 4 27 9 30 21 11 19 12 25 13 29 7 24 15 23 17 31 8 5 28 1 
9.90334 1 2 16 20 18 6 32 3 10 22 14 26 4 27 9 30 21 11 19 12 25 13 29 7 24 15 23 17 31 8 5 28 1 
9.90334 1 2 16 20 18 6 32 3 10 22 14 26 4 27 9 30 21 11 19 12 25 13 29 7 24 15 23 17 31 8 5 28 1 
9.90334 1 2 16 20 18 6 32 3 10 22 14 26 4 27 9 30 21 11 19 12 25 13 29 7 24 15 23 17 31 8 5 28 1 
9.90334 1 2 16 20 18 6 32 3 10 22 14 26 4 27 9 30 21 11 19 12 25 13 29 7 24 15 23 17 31 8 5 28 1 
9.90334 1 2 16 20 18 6 32 3 10 22 14 26 4 27 9 30 21 11 19 12 25 13 29 7 24 15 23 17 31 8 5 28 1 
9.90334 1 2 16 20 18 6 32 3 10 22 14 26 4 27 9 30 21 11 19 12 25 13 29 7 24 15 23 17 31 8 5 28 1 
9.90334 1 2 16 20 18 6 32 3 10 22 14 26 4 27 9 30 21 11 19 12 25 13 29 7 24 15 23 17 31 8 5 28 1 
9.90334 1 2 16 20 18 6 32 3 10 22 14 26 4 27 9 30 21 11 19 12 25 13 29 7 24 15 23 17 31 8 5 28 1 
9.90334 1 2 16 20 18 6 32 3 10 22 14 26 4 27 9 30 21 11 19 12 25 13 29 7 24 15 23 17 31 8 5 28 1 
9.90334 1 2 16 20 18 6 32 3 10 22 14 26 4 27 9 30 21 11 19 12 25 13 29 7 24 15 23 17 31 8 5 28 1 
9.90334 1 2 16 20 18 6 32 3 10 22 14 26 4 27 9 30 21 11 19 12 25 13 29 7 24 15 23 17 31 8 5 28 1 
9.90334 1 2 16 20 18 6 32 3 10 22 14 26 4 27 9 30 21 11 19 12 25 13 29 7 24 15 23 17 31 8 5 28 1 
9.90334 1 2 16 20 18 6 32 3 10 22 14 26 4 27 9 30 21 11 19 12 25 13 29 7 24 15 23 17 31 8 5 28 1 
9.90334 1 2 16 20 18 6 32 3 10 22 14 26 4 27 9 30 21 11 19 12 25 13 29 7 24 15 23 17 31 8 5 28 1 
9.90334 1 2 16 20 18 6 32 3 10 22 14 26 4 27 9 30 21 11 19 12 25 13 29 7 24 15 23 17 31 8 5 28 1 
9.90334 1 2 16 20 18 6 32 3 10 22 14 26 4 27 9 30 21 11 19 12 25 13 29 7 24 15 23 17 31 8 5 28 1 
9.90334 1 2 16 20 18 6 32 3 10 22 14 26 4 27 9 30 21 11 19 12 25 13 29 7 24 15 23 17 31 8 5 28 1 
9.90334 1 2 16 20 18 6 32 3 10 22 14 26 4 27 9 30 21 11 19 12 25 13 29 7 24 15 23 17 31 8 5 28 1 
9.90334 1 2 16 20 18 6 32 3 10 22 14 26 4 27 9 30 21 11 19 12 25 13 29 7 24 15 23 17 31 8 5 28 1 
9.90334 1 2 16 20 18 6 32 3 10 22 14 26 4 27 9 30 21 11 19 12 25 13 29 7 24 15 23 17 31 8 5 28 1 
9.90334 1 2 16 20 18 6 32 3 10 22 14 26 4 27 9 30 21 11 19 12 25 13 29 7 24 15 23 17 31 8 5 28 1 
9.90334 1 2 16 20 18 6 32 3 10 22 14 26 4 27 9 30 21 11 19 12 25 13 29 7 24 15 23 17 31 8 5 28 1 
9.90334 1 2 16 20 18 6 32 3 10 22 14 26 4 27 9 30 21 11 19 12 25 13 29 7 24 15 23 17 31 8 5 28 1 
9.90334 1 2 16 20 18 6 32 3 10 22 14 26 4 27 9 30 21 11 19 12 25 13 29 7 24 15 23 17 31 8 5 28 1 
9.90334 1 2 16 20 18 6 32 3 10 22 14 26 4 27 9 30 21 11 19 12 25 13 29 7 24 15 23 17 31 8 5 28 1 
9.90334 1 2 16 20 18 6 32 3 10 22 14 26 4 27 9 30 21 11 19 12 25 13 29 7 24 15 23 17 31 8 5 28 1 
9.90334 1 2 16 20 18 6 32 3 10 22 14 26 4 27 9 30 21 11 19 12 25 13 29 7 24 15 23 17 31 8 5 28 1 
9.90334 1 2 16 20 18 6 32 3 10 22 14 26 4 27 9 30 21 11 19 12 25 13 29 7 24 15 23 17 31 8 5 28 1 
9.90334 1 2 16 20 18 6 32 3 10 22 14 26 4 27 9 30 21 11 19 12 25 13 29 7 24 15 23 17 31 8 5 28 1 
9.90334 1 2 16 20 18 6 32 3 10 22 14 26 4 27 9 30 21 11 19 12 25 13 29 7 24 15 23 17 31 8 5 28 1 
9.90334 1 2 16 20 18 6 32 3 10 22 14 26 4 27 9 30 21 11 19 12 25 13 29 7 24 15 23 17 31 8 5 28 1 
9.90334 1 2 16 20 18 6 32 3 10 22 14 26 4 27 9 30 21 11 19 12 25 13 29 7 24 15 23 17 31 8 5 28 1 
9.90334 1 2 16 20 18 6 32 3 10 22 14 26 4 27 9 30 21 11 19 12 25 13 29 7 24 15 23 17 31 8 5 28 1 
9.90334 1 2 16 20 18 6 32 3 10 22 14 26 4 27 9 30 21 11 19 12 25 13 29 7 24 15 23 17 31 8 5 28 1 
9.90334 1 2 16 20 18 6 32 3 10 22 14 26 4 27 9 30 21 11 19 12 25 13 29 7 24 15 23 17 31 8 5 28 1 
9.90334 1 2 16 20 18 6 32 3 10 22 14 26 4 27 9 30 21 11 19 12 25 13 29 7 24 15 23 17 31 8 5 28 1 
9.90334 1 2 16 20 18 6 32 3 10 22 14 26 4 27 9 30 21 11 19 12 25 13 29 7 24 15 23 17 31 8 5 28 1 
9.90334 1 2 16 20 18 6 32 3 10 22 14 26 4 27 9 30 21 11 19 12 25 13 29 7 24 15 23 17 31 8 5 28 1 
9.90334 1 2 16 20 18 6 32 3 10 22 14 26 4 27 9 30 21 11 19 12 25 13 29 7 24 15 23 17 31 8 5 28 1 
9.90334 1 2 16 20 18 6 32 3 10 22 14 26 4 27 9 30 21 11 19 12 25 13 29 7 24 15 23 17 31 8 5 28 1 
9.90334 1 2 16 20 18 6 32 3 10 22 14 26 4 27 9 30 21 11 19 12 25 13 29 7 24 15 23 17 31 8 5 28 1 
9.90334 1 2 16 20 18 6 32 3 10 22 14 26 4 27 9 30 21 11 19 12 25 13 29 7 24 15 23 17 31 8 5 28 1 
9.90334 1 2 16 20 18 6 32 3 10 22 14 26 4 27 9 30 21 11 19 12 25 13 29 7 24 15 23 17 31 8 5 28 1 
9.90334 1 2 16 20 18 6 32 3 10 22 14 26 4 27 9 30 21 11 19 12 25 13 29 7 24 15 23 17 31 8 5 28 1 
9.90334 1 2 16 20 18 6 32 3 10 22 14 26 4 27 9 30 21 11 19 12 25 13 29 7 24 15 23 17 31 8 5 28 1 
9.90334 1 2 16 20 18 6 32 3 10 22 14 26 4 27 9 30 21 11 19 12 25 13 29 7 24 15 23 17 31 8 5 28 1 
9.90334 1 2 16 20 18 6 32 3 10 22 14 26 4 27 9 30 21 11 19 12 25 13 29 7 24 15 23 17 31 8 5 28 1 
9.90334 1 2 16 20 18 6 32 3 10 22 14 26 4 27 9 30 21 11 19 12 25 13 29 7 24 15 23 17 31 8 5 28 1 
9.90334 1 2 16 20 18 6 32 3 10 22 14 26 4 27 9 30 21 11 19 12 25 13 29 7 24 15 23 17 31 8 5 28 1 
9.90334 1 2 16 20 18 6 32 3 10 22 14 26 4 27 9 30 21 11 19 12 25 13 29 7 24 15 23 17 31 8 5 28 1 
9.90334 1 2 16 20 18 6 32 3 10 22 14 26 4 27 9 30 21 11 19 12 25 13 29 7 24 15 23 17 31 8 5 28 1 
9.90334 1 2 16 20 18 6 32 3 10 22 14 26 4 27 9 30 21 11 19 12 25 13 29 7 24 15 23 17 31 8 5 28 1 
9.90334 1 2 16 20 18 6 32 3 10 22 14 26 4 27 9 30 21 11 19 12 25 13 29 7 24 15 23 17 31 8 5 28 1 
9.90334 1 2 16 20 18 6 32 3 10 22 14 26 4 27 9 30 21 11 19 12 25 13 29 7 24 15 23 17 31 8 5 28 1 
9.90334 1 2 16 20 18 6 32 3 10 22 14 26 4 27 9 30 21 11 19 12 25 13 29 7 24 15 23 17 31 8 5 28 1 
9.90334 1 2 16 20 18 6 32 3 10 22 14 26 4 27 9 30 21 11 19 12 25 13 29 7 24 15 23 17 31 8 5 28 1 
9.90334 1 2 16 20 18 6 32 3 10 22 14 26 4 27 9 30 21 11 19 12 25 13 29 7 24 15 23 17 31 8 5 28 1 
9.90334 1 2 16 20 18 6 32 3 10 22 14 26 4 27 9 30 21 11 19 12 25 13 29 7 24 15 23 17 31 8 5 28 1 
9.90334 1 2 16 20 18 6 32 3 10 22 14 26 4 27 9 30 21 11 19 12 25 13 29 7 24 15 23 17 31 8 5 28 1 
9.90334 1 2 16 20 18 6 32 3 10 22 14 26 4 27 9 30 21 11 19 12 25 13 29 7 24 15 23 17 31 8 5 28 1 
9.90334 1 2 16 20 18 6 32 3 10 22 14 26 4 27 9 30 21 11 19 12 25 13 29 7 24 15 23 17 31 8 5 28 1 
9.90334 1 2 16 20 18 6 32 3 10 22 14 26 4 27 9 30 21 11 19 12 25 13 29 7 24 15 23 17 31 8 5 28 1 
9.90334 1 2 16 20 18 6 32 3 10 22 14 26 4 27 9 30 21 11 19 12 25 13 29 7 24 15 23 17 31 8 5 28 1 
9.90334 1 2 16 20 18 6 32 3 10 22 14 26 4 27 9 30 21 11 19 12 25 13 29 7 24 15 23 17 31 8 5 28 1 
9.90334 1 2 16 20 18 6 32 3 10 22 14 26 4 27 9 30 21 11 19 12 25 13 29 7 24 15 23 17 31 8 5 28 1 
9.90334 1 2 16 20 18 6 32 3 10 22 14 26 4 27 9 30 21 11 19 12 25 13 29 7 24 15 23 17 31 8 5 28 1 
9.90334 1 2 16 20 18 6 32 3 10 22 14 26 4 27 9 30 21 11 19 12 25 13 29 7 24 15 23 17 31 8 5 28 1 
9.90334 1 2 16 20 18 6 32 3 10 22 14 26 4 27 9 30 21 11 19 12 25 13 29 7 24 15 23 17 31 8 5 28 1 
9.90334 1 2 16 20 18 6 32 3 10 22 14 26 4 27 9 30 21 11 19 12 25 13 29 7 24 15 23 17 31 8 5 28 1 
9.90334 1 2 16 20 18 6 32 3 10 22 14 26 4 27 9 30 21 11 19 12 25 13 29 7 24 15 23 17 31 8 5 28 1 
9.90334 1 2 16 20 18 6 32 3 10 22 14 26 4 27 9 30 21 11 19 12 25 13 29 7 24 15 23 17 31 8 5 28 1 
9.90334 1 2 16 20 18 6 32 3 10 22 14 26 4 27 9 30 21 11 19 12 25 13 29 7 24 15 23 17 31 8 5 28 1 
9.90334 1 2 16 20 18 6 32 3 10 22 14 26 4 27 9 30 21 11 19 12 25 13 29 7 24 15 23 17 31 8 5 28 1 
9.90334 1 2 16 20 18 6 32 3 10 22 14 26 4 27 9 30 21 11 19 12 25 13 29 7 24 15 23 17 31 8 5 28 1 
9.90334 1 2 16 20 18 6 32 3 10 22 14 26 4 27 9 30 21 11 19 12 25 13 29 7 24 15 23 17 31 8 5 28 1 
9.90334 1 2 16 20 18 6 32 3 10 22 14 26 4 27 9 30 21 11 19 12 25 13 29 7 24 15 23 17 31 8 5 28 1 
9.90334 1 2 16 20 18 6 32 3 10 22 14 26 4 27 9 30 21 11 19 12 25 13 29 7 24 15 23 17 31 8 5 28 1 
9.90334 1 2 16 20 18 6 32 3 10 22 14 26 4 27 9 30 21 11 19 12 25 13 29 7 24 15 23 17 31 8 5 28 1 
9.90334 1 2 16 20 18 6 32 3 10 22 14 26 4 27 9 30 21 11 19 12 25 13 29 7 24 15 23 17 31 8 5 28 1 
9.90334 1 2 16 20 18 6 32 3 10 22 14 26 4 27 9 30 21 11 19 12 25 13 29 7 24 15 23 17 31 8 5 28 1 
9.90334 1 2 16 20 18 6 32 3 10 22 14 26 4 27 9 30 21 11 19 12 25 13 29 7 24 15 23 17 31 8 5 28 1 
9.90334 1 2 16 20 18 6 32 3 10 22 14 26 4 27 9 30 21 11 19 12 25 13 29 7 24 15 23 17 31 8 5 28 1 
9.90334 1 2 16 20 18 6 32 3 10 22 14 26 4 27 9 30 21 11 19 12 25 13 29 7 24 15 23 17 31 8 5 28 1 
9.90334 1 2 16 20 18 6 32 3 10 22 14 26 4 27 9 30 21 11 19 12 25 13 29 7 24 15 23 17 31 8 5 28 1 
9.90334 1 2 16 20 18 6 32 3 10 22 14 26 4 27 9 30 21 11 19 12 25 13 29 7 24 15 23 17 31 8 5 28 1 
9.90334 1 2 16 20 18 6 32 3 10 22 14 26 4 27 9 30 21 11 19 12 25 13 29 7 24 15 23 17 31 8 5 28 1 
9.90334 1 2 16 20 18 6 32 3 10 22 14 26 4 27 9 30 21 11 19 12 25 13 29 7 24 15 23 17 31 8 5 28 1 
9.90334 1 2 16 20 18 6 32 3 10 22 14 26 4 27 9 30 21 11 19 12 25 13 29 7 24 15 23 17 31 8 5 28 1 
9.90334 1 2 16 20 18 6 32 3 10 22 14 26 4 27 9 30 21 11 19 12 25 13 29 7 24 15 23 17 31 8 5 28 1 
9.90334 1 2 16 20 18 6 32 3 10 22 14 26 4 27 9 30 21 11 19 12 25 13 29 7 24 15 23 17 31 8 5 28 1 
9.90334 1 2 16 20 18 6 32 3 10 22 14 26 4 27 9 30 21 11 19 12 25 13 29 7 24 15 23 17 31 8 5 28 1 
9.90334 1 2 16 20 18 6 32 3 10 22 14 26 4 27 9 30 21 11 19 12 25 13 29 7 24 15 23 17 31 8 5 28 1 
9.90334 1 2 16 20 18 6 32 3 10 22 14 26 4 27 9 30 21 11 19 12 25 13 29 7 24 15 23 17 31 8 5 28 1 
9.90334 1 2 16 20 18 6 32 3 10 22 14 26 4 27 9 30 21 11 19 12 25 13 29 7 24 15 23 17 31 8 5 28 1 
9.90334 1 2 16 20 18 6 32 3 10 22 14 26 4 27 9 30 21 11 19 12 25 13 29 7 24 15 23 17 31 8 5 28 1 
9.90334 1 2 16 20 18 6 32 3 10 22 14 26 4 27 9 30 21 11 19 12 25 13 29 7 24 15 23 17 31 8 5 28 1 
9.90334 1 2 16 20 18 6 32 3 10 22 14 26 4 27 9 30 21 11 19 12 25 13 29 7 24 15 23 17 31 8 5 28 1 
9.90334 1 2 16 20 18 6 32 3 10 22 14 26 4 27 9 30 21 11 19 12 25 13 29 7 24 15 23 17 31 8 5 28 1 
9.90334 1 2 16 20 18 6 32 3 10 22 14 26 4 27 9 30 21 11 19 12 25 13 29 7 24 15 23 17 31 8 5 28 1 
9.90334 1 2 16 20 18 6 32 3 10 22 14 26 4 27 9 30 21 11 19 12 25 13 29 7 24 15 23 17 31 8 5 28 1 
9.90334 1 2 16 20 18 6 32 3 10 22 14 26 4 27 9 30 21 11 19 12 25 13 29 7 24 15 23 17 31 8 5 28 1 
9.90334 1 2 16 20 18 6 32 3 10 22 14 26 4 27 9 30 21 11 19 12 25 13 29 7 24 15 23 17 31 8 5 28 1 
9.90334 1 2 16 20 18 6 32 3 10 22 14 26 4 27 9 30 21 11 19 12 25 13 29 7 24 15 23 17 31 8 5 28 1 
9.90334 1 2 16 20 18 6 32 3 10 22 14 26 4 27 9 30 21 11 19 12 25 13 29 7 24 15 23 17 31 8 5 28 1 
9.90334 1 2 16 20 18 6 32 3 10 22 14 26 4 27 9 30 21 11 19 12 25 13 29 7 24 15 23 17 31 8 5 28 1 
9.90334 1 2 16 20 18 6 32 3 10 22 14 26 4 27 9 30 21 11 19 12 25 13 29 7 24 15 23 17 31 8 5 28 1 
9.90334 1 2 16 20 18 6 32 3 10 22 14 26 4 27 9 30 21 11 19 12 25 13 29 7 24 15 23 17 31 8 5 28 1 
9.90334 1 2 16 20 18 6 32 3 10 22 14 26 4 27 9 30 21 11 19 12 25 13 29 7 24 15 23 17 31 8 5 28 1 
9.90334 1 2 16 20 18 6 32 3 10 22 14 26 4 27 9 30 21 11 19 12 25 13 29 7 24 15 23 17 31 8 5 28 1 
9.90334 1 2 16 20 18 6 32 3 10 22 14 26 4 27 9 30 21 11 19 12 25 13 29 7 24 15 23 17 31 8 5 28 1 
9.90334 1 2 16 20 18 6 32 3 10 22 14 26 4 27 9 30 21 11 19 12 25 13 29 7 24 15 23 17 31 8 5 28 1 
9.90334 1 2 16 20 18 6 32 3 10 22 14 26 4 27 9 30 21 11 19 12 25 13 29 7 24 15 23 17 31 8 5 28 1 
9.90334 1 2 16 20 18 6 32 3 10 22 14 26 4 27 9 30 21 11 19 12 25 13 29 7 24 15 23 17 31 8 5 28 1 
9.90334 1 2 16 20 18 6 32 3 10 22 14 26 4 27 9 30 21 11 19 12 25 13 29 7 24 15 23 17 31 8 5 28 1 
9.90334 1 2 16 20 18 6 32 3 10 22 14 26 4 27 9 30 21 11 19 12 25 13 29 7 24 15 23 17 31 8 5 28 1 
9.90334 1 2 16 20 18 6 32 3 10 22 14 26 4 27 9 30 21 11 19 12 25 13 29 7 24 15 23 17 31 8 5 28 1 
9.90334 1 2 16 20 18 6 32 3 10 22 14 26 4 27 9 30 21 11 19 12 25 13 29 7 24 15 23 17 31 8 5 28 1 
9.90334 1 2 16 20 18 6 32 3 10 22 14 26 4 27 9 30 21 11 19 12 25 13 29 7 24 15 23 17 31 8 5 28 1 
9.90334 1 2 16 20 18 6 32 3 10 22 14 26 4 27 9 30 21 11 19 12 25 13 29 7 24 15 23 17 31 8 5 28 1 
9.90334 1 2 16 20 18 6 32 3 10 22 14 26 4 27 9 30 21 11 19 12 25 13 29 7 24 15 23 17 31 8 5 28 1 
9.90334 1 2 16 20 18 6 32 3 10 22 14 26 4 27 9 30 21 11 19 12 25 13 29 7 24 15 23 17 31 8 5 28 1 
9.90334 1 2 16 20 18 6 32 3 10 22 14 26 4 27 9 30 21 11 19 12 25 13 29 7 24 15 23 17 31 8 5 28 1 
9.90334 1 2 16 20 18 6 32 3 10 22 14 26 4 27 9 30 21 11 19 12 25 13 29 7 24 15 23 17 31 8 5 28 1 
9.90334 1 2 16 20 18 6 32 3 10 22 14 26 4 27 9 30 21 11 19 12 25 13 29 7 24 15 23 17 31 8 5 28 1 
9.90334 1 2 16 20 18 6 32 3 10 22 14 26 4 27 9 30 21 11 19 12 25 13 29 7 24 15 23 17 31 8 5 28 1 
9.90334 1 2 16 20 18 6 32 3 10 22 14 26 4 27 9 30 21 11 19 12 25 13 29 7 24 15 23 17 31 8 5 28 1 
9.90334 1 2 16 20 18 6 32 3 10 22 14 26 4 27 9 30 21 11 19 12 25 13 29 7 24 15 23 17 31 8 5 28 1 
9.90334 1 2 16 20 18 6 32 3 10 22 14 26 4 27 9 30 21 11 19 12 25 13 29 7 24 15 23 17 31 8 5 28 1 
9.90334 1 2 16 20 18 6 32 3 10 22 14 26 4 27 9 30 21 11 19 12 25 13 29 7 24 15 23 17 31 8 5 28 1 
9.90334 1 2 16 20 18 6 32 3 10 22 14 26 4 27 9 30 21 11 19 12 25 13 29 7 24 15 23 17 31 8 5 28 1 
9.90334 1 2 16 20 18 6 32 3 10 22 14 26 4 27 9 30 21 11 19 12 25 13 29 7 24 15 23 17 31 8 5 28 1 
9.90334 1 2 16 20 18 6 32 3 10 22 14 26 4 27 9 30 21 11 19 12 25 13 29 7 24 15 23 17 31 8 5 28 1 
9.90334 1 2 16 20 18 6 32 3 10 22 14 26 4 27 9 30 21 11 19 12 25 13 29 7 24 15 23 17 31 8 5 28 1 
9.90334 1 2 16 20 18 6 32 3 10 22 14 26 4 27 9 30 21 11 19 12 25 13 29 7 24 15 23 17 31 8 5 28 1 
9.90334 1 2 16 20 18 6 32 3 10 22 14 26 4 27 9 30 21 11 19 12 25 13 29 7 24 15 23 17 31 8 5 28 1 
9.90334 1 2 16 20 18 6 32 3 10 22 14 26 4 27 9 30 21 11 19 12 25 13 29 7 24 15 23 17 31 8 5 28 1 
9.90334 1 2 16 20 18 6 32 3 10 22 14 26 4 27 9 30 21 11 19 12 25 13 29 7 24 15 23 17 31 8 5 28 1 
9.90334 1 2 16 20 18 6 32 3 10 22 14 26 4 27 9 30 21 11 19 12 25 13 29 7 24 15 23 17 31 8 5 28 1 
9.90334 1 2 16 20 18 6 32 3 10 22 14 26 4 27 9 30 21 11 19 12 25 13 29 7 24 15 23 17 31 8 5 28 1 
9.90334 1 2 16 20 18 6 32 3 10 22 14 26 4 27 9 30 21 11 19 12 25 13 29 7 24 15 23 17 31 8 5 28 1 
9.90334 1 2 16 20 18 6 32 3 10 22 14 26 4 27 9 30 21 11 19 12 25 13 29 7 24 15 23 17 31 8 5 28 1 
9.90334 1 2 16 20 18 6 32 3 10 22 14 26 4 27 9 30 21 11 19 12 25 13 29 7 24 15 23 17 31 8 5 28 1 
9.90334 1 2 16 20 18 6 32 3 10 22 14 26 4 27 9 30 21 11 19 12 25 13 29 7 24 15 23 17 31 8 5 28 1 
9.90334 1 2 16 20 18 6 32 3 10 22 14 26 4 27 9 30 21 11 19 12 25 13 29 7 24 15 23 17 31 8 5 28 1 
9.90334 1 2 16 20 18 6 32 3 10 22 14 26 4 27 9 30 21 11 19 12 25 13 29 7 24 15 23 17 31 8 5 28 1 
9.90334 1 2 16 20 18 6 32 3 10 22 14 26 4 27 9 30 21 11 19 12 25 13 29 7 24 15 23 17 31 8 5 28 1 
9.90334 1 2 16 20 18 6 32 3 10 22 14 26 4 27 9 30 21 11 19 12 25 13 29 7 24 15 23 17 31 8 5 28 1 
9.90334 1 2 16 20 18 6 32 3 10 22 14 26 4 27 9 30 21 11 19 12 25 13 29 7 24 15 23 17 31 8 5 28 1 
9.90334 1 2 16 20 18 6 32 3 10 22 14 26 4 27 9 30 21 11 19 12 25 13 29 7 24 15 23 17 31 8 5 28 1 
9.90334 1 2 16 20 18 6 32 3 10 22 14 26 4 27 9 30 21 11 19 12 25 13 29 7 24 15 23 17 31 8 5 28 1 
9.90334 1 2 16 20 18 6 32 3 10 22 14 26 4 27 9 30 21 11 19 12 25 13 29 7 24 15 23 17 31 8 5 28 1 
9.90334 1 2 16 20 18 6 32 3 10 22 14 26 4 27 9 30 21 11 19 12 25 13 29 7 24 15 23 17 31 8 5 28 1 
9.90334 1 2 16 20 18 6 32 3 10 22 14 26 4 27 9 30 21 11 19 12 25 13 29 7 24 15 23 17 31 8 5 28 1 
9.90334 1 2 16 20 18 6 32 3 10 22 14 26 4 27 9 30 21 11 19 12 25 13 29 7 24 15 23 17 31 8 5 28 1 
9.90334 1 2 16 20 18 6 32 3 10 22 14 26 4 27 9 30 21 11 19 12 25 13 29 7 24 15 23 17 31 8 5 28 1 
9.90334 1 2 16 20 18 6 32 3 10 22 14 26 4 27 9 30 21 11 19 12 25 13 29 7 24 15 23 17 31 8 5 28 1 
9.90334 1 2 16 20 18 6 32 3 10 22 14 26 4 27 9 30 21 11 19 12 25 13 29 7 24 15 23 17 31 8 5 28 1 
9.90334 1 2 16 20 18 6 32 3 10 22 14 26 4 27 9 30 21 11 19 12 25 13 29 7 24 15 23 17 31 8 5 28 1 
9.90334 1 2 16 20 18 6 32 3 10 22 14 26 4 27 9 30 21 11 19 12 25 13 29 7 24 15 23 17 31 8 5 28 1 
9.90334 1 2 16 20 18 6 32 3 10 22 14 26 4 27 9 30 21 11 19 12 25 13 29 7 24 15 23 17 31 8 5 28 1 
9.90334 1 2 16 20 18 6 32 3 10 22 14 26 4 27 9 30 21 11 19 12 25 13 29 7 24 15 23 17 31 8 5 28 1 
9.90334 1 2 16 20 18 6 32 3 10 22 14 26 4 27 9 30 21 11 19 12 25 13 29 7 24 15 23 17 31 8 5 28 1 
9.90334 1 2 16 20 18 6 32 3 10 22 14 26 4 27 9 30 21 11 19 12 25 13 29 7 24 15 23 17 31 8 5 28 1 
9.90334 1 2 16 20 18 6 32 3 10 22 14 26 4 27 9 30 21 11 19 12 25 13 29 7 24 15 23 17 31 8 5 28 1 
9.90334 1 2 16 20 18 6 32 3 10 22 14 26 4 27 9 30 21 11 19 12 25 13 29 7 24 15 23 17 31 8 5 28 1 
9.90334 1 2 16 20 18 6 32 3 10 22 14 26 4 27 9 30 21 11 19 12 25 13 29 7 24 15 23 17 31 8 5 28 1 
9.90334 1 2 16 20 18 6 32 3 10 22 14 26 4 27 9 30 21 11 19 12 25 13 29 7 24 15 23 17 31 8 5 28 1 
9.90334 1 2 16 20 18 6 32 3 10 22 14 26 4 27 9 30 21 11 19 12 25 13 29 7 24 15 23 17 31 8 5 28 1 
9.90334 1 2 16 20 18 6 32 3 10 22 14 26 4 27 9 30 21 11 19 12 25 13 29 7 24 15 23 17 31 8 5 28 1 
9.90334 1 2 16 20 18 6 32 3 10 22 14 26 4 27 9 30 21 11 19 12 25 13 29 7 24 15 23 17 31 8 5 28 1 
9.90334 1 2 16 20 18 6 32 3 10 22 14 26 4 27 9 30 21 11 19 12 25 13 29 7 24 15 23 17 31 8 5 28 1 
9.90334 1 2 16 20 18 6 32 3 10 22 14 26 4 27 9 30 21 11 19 12 25 13 29 7 24 15 23 17 31 8 5 28 1 
9.90334 1 2 16 20 18 6 32 3 10 22 14 26 4 27 9 30 21 11 19 12 25 13 29 7 24 15 23 17 31 8 5 28 1 
9.90334 1 2 16 20 18 6 32 3 10 22 14 26 4 27 9 30 21 11 19 12 25 13 29 7 24 15 23 17 31 8 5 28 1 
9.90334 1 2 16 20 18 6 32 3 10 22 14 26 4 27 9 30 21 11 19 12 25 13 29 7 24 15 23 17 31 8 5 28 1 
9.90334 1 2 16 20 18 6 32 3 10 22 14 26 4 27 9 30 21 11 19 12 25 13 29 7 24 15 23 17 31 8 5 28 1 
9.90334 1 2 16 20 18 6 32 3 10 22 14 26 4 27 9 30 21 11 19 12 25 13 29 7 24 15 23 17 31 8 5 28 1 
9.90334 1 2 16 20 18 6 32 3 10 22 14 26 4 27 9 30 21 11 19 12 25 13 29 7 24 15 23 17 31 8 5 28 1 
9.90334 1 2 16 20 18 6 32 3 10 22 14 26 4 27 9 30 21 11 19 12 25 13 29 7 24 15 23 17 31 8 5 28 1 
9.90334 1 2 16 20 18 6 32 3 10 22 14 26 4 27 9 30 21 11 19 12 25 13 29 7 24 15 23 17 31 8 5 28 1 
9.90334 1 2 16 20 18 6 32 3 10 22 14 26 4 27 9 30 21 11 19 12 25 13 29 7 24 15 23 17 31 8 5 28 1 
9.90334 1 2 16 20 18 6 32 3 10 22 14 26 4 27 9 30 21 11 19 12 25 13 29 7 24 15 23 17 31 8 5 28 1 
9.90334 1 2 16 20 18 6 32 3 10 22 14 26 4 27 9 30 21 11 19 12 25 13 29 7 24 15 23 17 31 8 5 28 1 
9.90334 1 2 16 20 18 6 32 3 10 22 14 26 4 27 9 30 21 11 19 12 25 13 29 7 24 15 23 17 31 8 5 28 1 
9.90334 1 2 16 20 18 6 32 3 10 22 14 26 4 27 9 30 21 11 19 12 25 13 29 7 24 15 23 17 31 8 5 28 1 
9.90334 1 2 16 20 18 6 32 3 10 22 14 26 4 27 9 30 21 11 19 12 25 13 29 7 24 15 23 17 31 8 5 28 1 
9.90334 1 2 16 20 18 6 32 3 10 22 14 26 4 27 9 30 21 11 19 12 25 13 29 7 24 15 23 17 31 8 5 28 1 
9.90334 1 2 16 20 18 6 32 3 10 22 14 26 4 27 9 30 21 11 19 12 25 13 29 7 24 15 23 17 31 8 5 28 1 
9.90334 1 2 16 20 18 6 32 3 10 22 14 26 4 27 9 30 21 11 19 12 25 13 29 7 24 15 23 17 31 8 5 28 1 
9.90334 1 2 16 20 18 6 32 3 10 22 14 26 4 27 9 30 21 11 19 12 25 13 29 7 24 15 23 17 31 8 5 28 1 
9.90334 1 2 16 20 18 6 32 3 10 22 14 26 4 27 9 30 21 11 19 12 25 13 29 7 24 15 23 17 31 8 5 28 1 
9.90334 1 2 16 20 18 6 32 3 10 22 14 26 4 27 9 30 21 11 19 12 25 13 29 7 24 15 23 17 31 8 5 28 1 
9.90334 1 2 16 20 18 6 32 3 10 22 14 26 4 27 9 30 21 11 19 12 25 13 29 7 24 15 23 17 31 8 5 28 1 
9.90334 1 2 16 20 18 6 32 3 10 22 14 26 4 27 9 30 21 11 19 12 25 13 29 7 24 15 23 17 31 8 5 28 1 
9.90334 1 2 16 20 18 6 32 3 10 22 14 26 4 27 9 30 21 11 19 12 25 13 29 7 24 15 23 17 31 8 5 28 1 
9.90334 1 2 16 20 18 6 32 3 10 22 14 26 4 27 9 30 21 11 19 12 25 13 29 7 24 15 23 17 31 8 5 28 1 
9.90334 1 2 16 20 18 6 32 3 10 22 14 26 4 27 9 30 21 11 19 12 25 13 29 7 24 15 23 17 31 8 5 28 1 
9.90334 1 2 16 20 18 6 32 3 10 22 14 26 4 27 9 30 21 11 19 12 25 13 29 7 24 15 23 17 31 8 5 28 1 
9.90334 1 2 16 20 18 6 32 3 10 22 14 26 4 27 9 30 21 11 19 12 25 13 29 7 24 15 23 17 31 8 5 28 1 
9.90334 1 2 16 20 18 6 32 3 10 22 14 26 4 27 9 30 21 11 19 12 25 13 29 7 24 15 23 17 31 8 5 28 1 
9.90334 1 2 16 20 18 6 32 3 10 22 14 26 4 27 9 30 21 11 19 12 25 13 29 7 24 15 23 17 31 8 5 28 1 
9.90334 1 2 16 20 18 6 32 3 10 22 14 26 4 27 9 30 21 11 19 12 25 13 29 7 24 15 23 17 31 8 5 28 1 
9.90334 1 2 16 20 18 6 32 3 10 22 14 26 4 27 9 30 21 11 19 12 25 13 29 7 24 15 23 17 31 8 5 28 1 
9.90334 1 2 16 20 18 6 32 3 10 22 14 26 4 27 9 30 21 11 19 12 25 13 29 7 24 15 23 17 31 8 5 28 1 
9.90334 1 2 16 20 18 6 32 3 10 22 14 26 4 27 9 30 21 11 19 12 25 13 29 7 24 15 23 17 31 8 5 28 1 
9.90334 1 2 16 20 18 6 32 3 10 22 14 26 4 27 9 30 21 11 19 12 25 13 29 7 24 15 23 17 31 8 5 28 1 
9.90334 1 2 16 20 18 6 32 3 10 22 14 26 4 27 9 30 21 11 19 12 25 13 29 7 24 15 23 17 31 8 5 28 1 
9.90334 1 2 16 20 18 6 32 3 10 22 14 26 4 27 9 30 21 11 19 12 25 13 29 7 24 15 23 17 31 8 5 28 1 
9.90334 1 2 16 20 18 6 32 3 10 22 14 26 4 27 9 30 21 11 19 12 25 13 29 7 24 15 23 17 31 8 5 28 1 
9.90334 1 2 16 20 18 6 32 3 10 22 14 26 4 27 9 30 21 11 19 12 25 13 29 7 24 15 23 17 31 8 5 28 1 
9.90334 1 2 16 20 18 6 32 3 10 22 14 26 4 27 9 30 21 11 19 12 25 13 29 7 24 15 23 17 31 8 5 28 1 
9.90334 1 2 16 20 18 6 32 3 10 22 14 26 4 27 9 30 21 11 19 12 25 13 29 7 24 15 23 17 31 8 5 28 1 
9.90334 1 2 16 20 18 6 32 3 10 22 14 26 4 27 9 30 21 11 19 12 25 13 29 7 24 15 23 17 31 8 5 28 1 
9.90334 1 2 16 20 18 6 32 3 10 22 14 26 4 27 9 30 21 11 19 12 25 13 29 7 24 15 23 17 31 8 5 28 1 
9.90334 1 2 16 20 18 6 32 3 10 22 14 26 4 27 9 30 21 11 19 12 25 13 29 7 24 15 23 17 31 8 5 28 1 
9.90334 1 2 16 20 18 6 32 3 10 22 14 26 4 27 9 30 21 11 19 12 25 13 29 7 24 15 23 17 31 8 5 28 1 
9.90334 1 2 16 20 18 6 32 3 10 22 14 26 4 27 9 30 21 11 19 12 25 13 29 7 24 15 23 17 31 8 5 28 1 
9.90334 1 2 16 20 18 6 32 3 10 22 14 26 4 27 9 30 21 11 19 12 25 13 29 7 24 15 23 17 31 8 5 28 1 
9.90334 1 2 16 20 18 6 32 3 10 22 14 26 4 27 9 30 21 11 19 12 25 13 29 7 24 15 23 17 31 8 5 28 1 
9.90334 1 2 16 20 18 6 32 3 10 22 14 26 4 27 9 30 21 11 19 12 25 13 29 7 24 15 23 17 31 8 5 28 1 
9.90334 1 2 16 20 18 6 32 3 10 22 14 26 4 27 9 30 21 11 19 12 25 13 29 7 24 15 23 17 31 8 5 28 1 
9.90334 1 2 16 20 18 6 32 3 10 22 14 26 4 27 9 30 21 11 19 12 25 13 29 7 24 15 23 17 31 8 5 28 1 
9.90334 1 2 16 20 18 6 32 3 10 22 14 26 4 27 9 30 21 11 19 12 25 13 29 7 24 15 23 17 31 8 5 28 1 
9.90334 1 2 16 20 18 6 32 3 10 22 14 26 4 27 9 30 21 11 19 12 25 13 29 7 24 15 23 17 31 8 5 28 1 
9.90334 1 2 16 20 18 6 32 3 10 22 14 26 4 27 9 30 21 11 19 12 25 13 29 7 24 15 23 17 31 8 5 28 1 
9.90334 1 2 16 20 18 6 32 3 10 22 14 26 4 27 9 30 21 11 19 12 25 13 29 7 24 15 23 17 31 8 5 28 1 
9.90334 1 2 16 20 18 6 32 3 10 22 14 26 4 27 9 30 21 11 19 12 25 13 29 7 24 15 23 17 31 8 5 28 1 
9.90334 1 2 16 20 18 6 32 3 10 22 14 26 4 27 9 30 21 11 19 12 25 13 29 7 24 15 23 17 31 8 5 28 1 
9.90334 1 2 16 20 18 6 32 3 10 22 14 26 4 27 9 30 21 11 19 12 25 13 29 7 24 15 23 17 31 8 5 28 1 
9.90334 1 2 16 20 18 6 32 3 10 22 14 26 4 27 9 30 21 11 19 12 25 13 29 7 24 15 23 17 31 8 5 28 1 
9.90334 1 2 16 20 18 6 32 3 10 22 14 26 4 27 9 30 21 11 19 12 25 13 29 7 24 15 23 17 31 8 5 28 1 
9.90334 1 2 16 20 18 6 32 3 10 22 14 26 4 27 9 30 21 11 19 12 25 13 29 7 24 15 23 17 31 8 5 28 1 
9.90334 1 2 16 20 18 6 32 3 10 22 14 26 4 27 9 30 21 11 19 12 25 13 29 7 24 15 23 17 31 8 5 28 1 
9.90334 1 2 16 20 18 6 32 3 10 22 14 26 4 27 9 30 21 11 19 12 25 13 29 7 24 15 23 17 31 8 5 28 1 
9.90334 1 2 16 20 18 6 32 3 10 22 14 26 4 27 9 30 21 11 19 12 25 13 29 7 24 15 23 17 31 8 5 28 1 
9.90334 1 2 16 20 18 6 32 3 10 22 14 26 4 27 9 30 21 11 19 12 25 13 29 7 24 15 23 17 31 8 5 28 1 
9.90334 1 2 16 20 18 6 32 3 10 22 14 26 4 27 9 30 21 11 19 12 25 13 29 7 24 15 23 17 31 8 5 28 1 
9.90334 1 2 16 20 18 6 32 3 10 22 14 26 4 27 9 30 21 11 19 12 25 13 29 7 24 15 23 17 31 8 5 28 1 
9.90334 1 2 16 20 18 6 32 3 10 22 14 26 4 27 9 30 21 11 19 12 25 13 29 7 24 15 23 17 31 8 5 28 1 
9.90334 1 2 16 20 18 6 32 3 10 22 14 26 4 27 9 30 21 11 19 12 25 13 29 7 24 15 23 17 31 8 5 28 1 
9.90334 1 2 16 20 18 6 32 3 10 22 14 26 4 27 9 30 21 11 19 12 25 13 29 7 24 15 23 17 31 8 5 28 1 
9.90334 1 2 16 20 18 6 32 3 10 22 14 26 4 27 9 30 21 11 19 12 25 13 29 7 24 15 23 17 31 8 5 28 1 
9.90334 1 2 16 20 18 6 32 3 10 22 14 26 4 27 9 30 21 11 19 12 25 13 29 7 24 15 23 17 31 8 5 28 1 
9.90334 1 2 16 20 18 6 32 3 10 22 14 26 4 27 9 30 21 11 19 12 25 13 29 7 24 15 23 17 31 8 5 28 1 
9.90334 1 2 16 20 18 6 32 3 10 22 14 26 4 27 9 30 21 11 19 12 25 13 29 7 24 15 23 17 31 8 5 28 1 
9.90334 1 2 16 20 18 6 32 3 10 22 14 26 4 27 9 30 21 11 19 12 25 13 29 7 24 15 23 17 31 8 5 28 1 
9.90334 1 2 16 20 18 6 32 3 10 22 14 26 4 27 9 30 21 11 19 12 25 13 29 7 24 15 23 17 31 8 5 28 1 
9.90334 1 2 16 20 18 6 32 3 10 22 14 26 4 27 9 30 21 11 19 12 25 13 29 7 24 15 23 17 31 8 5 28 1 
9.90334 1 2 16 20 18 6 32 3 10 22 14 26 4 27 9 30 21 11 19 12 25 13 29 7 24 15 23 17 31 8 5 28 1 
9.90334 1 2 16 20 18 6 32 3 10 22 14 26 4 27 9 30 21 11 19 12 25 13 29 7 24 15 23 17 31 8 5 28 1 
9.90334 1 2 16 20 18 6 32 3 10 22 14 26 4 27 9 30 21 11 19 12 25 13 29 7 24 15 23 17 31 8 5 28 1 
9.90334 1 2 16 20 18 6 32 3 10 22 14 26 4 27 9 30 21 11 19 12 25 13 29 7 24 15 23 17 31 8 5 28 1 
9.90334 1 2 16 20 18 6 32 3 10 22 14 26 4 27 9 30 21 11 19 12 25 13 29 7 24 15 23 17 31 8 5 28 1 
9.90334 1 2 16 20 18 6 32 3 10 22 14 26 4 27 9 30 21 11 19 12 25 13 29 7 24 15 23 17 31 8 5 28 1 
9.90334 1 2 16 20 18 6 32 3 10 22 14 26 4 27 9 30 21 11 19 12 25 13 29 7 24 15 23 17 31 8 5 28 1 
9.90334 1 2 16 20 18 6 32 3 10 22 14 26 4 27 9 30 21 11 19 12 25 13 29 7 24 15 23 17 31 8 5 28 1 
9.90334 1 2 16 20 18 6 32 3 10 22 14 26 4 27 9 30 21 11 19 12 25 13 29 7 24 15 23 17 31 8 5 28 1 
9.90334 1 2 16 20 18 6 32 3 10 22 14 26 4 27 9 30 21 11 19 12 25 13 29 7 24 15 23 17 31 8 5 28 1 
9.90334 1 2 16 20 18 6 32 3 10 22 14 26 4 27 9 30 21 11 19 12 25 13 29 7 24 15 23 17 31 8 5 28 1 
9.90334 1 2 16 20 18 6 32 3 10 22 14 26 4 27 9 30 21 11 19 12 25 13 29 7 24 15 23 17 31 8 5 28 1 
9.90334 1 2 16 20 18 6 32 3 10 22 14 26 4 27 9 30 21 11 19 12 25 13 29 7 24 15 23 17 31 8 5 28 1 
9.90334 1 2 16 20 18 6 32 3 10 22 14 26 4 27 9 30 21 11 19 12 25 13 29 7 24 15 23 17 31 8 5 28 1 
9.90334 1 2 16 20 18 6 32 3 10 22 14 26 4 27 9 30 21 11 19 12 25 13 29 7 24 15 23 17 31 8 5 28 1 
9.90334 1 2 16 20 18 6 32 3 10 22 14 26 4 27 9 30 21 11 19 12 25 13 29 7 24 15 23 17 31 8 5 28 1 
9.90334 1 2 16 20 18 6 32 3 10 22 14 26 4 27 9 30 21 11 19 12 25 13 29 7 24 15 23 17 31 8 5 28 1 
9.90334 1 2 16 20 18 6 32 3 10 22 14 26 4 27 9 30 21 11 19 12 25 13 29 7 24 15 23 17 31 8 5 28 1 
9.90334 1 2 16 20 18 6 32 3 10 22 14 26 4 27 9 30 21 11 19 12 25 13 29 7 24 15 23 17 31 8 5 28 1 
9.90334 1 2 16 20 18 6 32 3 10 22 14 26 4 27 9 30 21 11 19 12 25 13 29 7 24 15 23 17 31 8 5 28 1 
9.90334 1 2 16 20 18 6 32 3 10 22 14 26 4 27 9 30 21 11 19 12 25 13 29 7 24 15 23 17 31 8 5 28 1 
9.90334 1 2 16 20 18 6 32 3 10 22 14 26 4 27 9 30 21 11 19 12 25 13 29 7 24 15 23 17 31 8 5 28 1 
9.90334 1 2 16 20 18 6 32 3 10 22 14 26 4 27 9 30 21 11 19 12 25 13 29 7 24 15 23 17 31 8 5 28 1 
9.90334 1 2 16 20 18 6 32 3 10 22 14 26 4 27 9 30 21 11 19 12 25 13 29 7 24 15 23 17 31 8 5 28 1 
9.90334 1 2 16 20 18 6 32 3 10 22 14 26 4 27 9 30 21 11 19 12 25 13 29 7 24 15 23 17 31 8 5 28 1 
9.90334 1 2 16 20 18 6 32 3 10 22 14 26 4 27 9 30 21 11 19 12 25 13 29 7 24 15 23 17 31 8 5 28 1 
9.90334 1 2 16 20 18 6 32 3 10 22 14 26 4 27 9 30 21 11 19 12 25 13 29 7 24 15 23 17 31 8 5 28 1 
9.90334 1 2 16 20 18 6 32 3 10 22 14 26 4 27 9 30 21 11 19 12 25 13 29 7 24 15 23 17 31 8 5 28 1 
9.90334 1 2 16 20 18 6 32 3 10 22 14 26 4 27 9 30 21 11 19 12 25 13 29 7 24 15 23 17 31 8 5 28 1 
9.90334 1 2 16 20 18 6 32 3 10 22 14 26 4 27 9 30 21 11 19 12 25 13 29 7 24 15 23 17 31 8 5 28 1 
9.90334 1 2 16 20 18 6 32 3 10 22 14 26 4 27 9 30 21 11 19 12 25 13 29 7 24 15 23 17 31 8 5 28 1 
9.90334 1 2 16 20 18 6 32 3 10 22 14 26 4 27 9 30 21 11 19 12 25 13 29 7 24 15 23 17 31 8 5 28 1 
9.90334 1 2 16 20 18 6 32 3 10 22 14 26 4 27 9 30 21 11 19 12 25 13 29 7 24 15 23 17 31 8 5 28 1 
9.90334 1 2 16 20 18 6 32 3 10 22 14 26 4 27 9 30 21 11 19 12 25 13 29 7 24 15 23 17 31 8 5 28 1 
9.90334 1 2 16 20 18 6 32 3 10 22 14 26 4 27 9 30 21 11 19 12 25 13 29 7 24 15 23 17 31 8 5 28 1 
9.90334 1 2 16 20 18 6 32 3 10 22 14 26 4 27 9 30 21 11 19 12 25 13 29 7 24 15 23 17 31 8 5 28 1 
9.90334 1 2 16 20 18 6 32 3 10 22 14 26 4 27 9 30 21 11 19 12 25 13 29 7 24 15 23 17 31 8 5 28 1 
9.90334 1 2 16 20 18 6 32 3 10 22 14 26 4 27 9 30 21 11 19 12 25 13 29 7 24 15 23 17 31 8 5 28 1 
9.90334 1 2 16 20 18 6 32 3 10 22 14 26 4 27 9 30 21 11 19 12 25 13 29 7 24 15 23 17 31 8 5 28 1 
9.90334 1 2 16 20 18 6 32 3 10 22 14 26 4 27 9 30 21 11 19 12 25 13 29 7 24 15 23 17 31 8 5 28 1 
9.90334 1 2 16 20 18 6 32 3 10 22 14 26 4 27 9 30 21 11 19 12 25 13 29 7 24 15 23 17 31 8 5 28 1 
9.90334 1 2 16 20 18 6 32 3 10 22 14 26 4 27 9 30 21 11 19 12 25 13 29 7 24 15 23 17 31 8 5 28 1 
9.90334 1 2 16 20 18 6 32 3 10 22 14 26 4 27 9 30 21 11 19 12 25 13 29 7 24 15 23 17 31 8 5 28 1 
9.90334 1 2 16 20 18 6 32 3 10 22 14 26 4 27 9 30 21 11 19 12 25 13 29 7 24 15 23 17 31 8 5 28 1 
9.90334 1 2 16 20 18 6 32 3 10 22 14 26 4 27 9 30 21 11 19 12 25 13 29 7 24 15 23 17 31 8 5 28 1 
9.90334 1 2 16 20 18 6 32 3 10 22 14 26 4 27 9 30 21 11 19 12 25 13 29 7 24 15 23 17 31 8 5 28 1 
9.90334 1 2 16 20 18 6 32 3 10 22 14 26 4 27 9 30 21 11 19 12 25 13 29 7 24 15 23 17 31 8 5 28 1 
9.90334 1 2 16 20 18 6 32 3 10 22 14 26 4 27 9 30 21 11 19 12 25 13 29 7 24 15 23 17 31 8 5 28 1 
9.90334 1 2 16 20 18 6 32 3 10 22 14 26 4 27 9 30 21 11 19 12 25 13 29 7 24 15 23 17 31 8 5 28 1 
9.90334 1 2 16 20 18 6 32 3 10 22 14 26 4 27 9 30 21 11 19 12 25 13 29 7 24 15 23 17 31 8 5 28 1 
9.90334 1 2 16 20 18 6 32 3 10 22 14 26 4 27 9 30 21 11 19 12 25 13 29 7 24 15 23 17 31 8 5 28 1 
9.90334 1 2 16 20 18 6 32 3 10 22 14 26 4 27 9 30 21 11 19 12 25 13 29 7 24 15 23 17 31 8 5 28 1 
9.90334 1 2 16 20 18 6 32 3 10 22 14 26 4 27 9 30 21 11 19 12 25 13 29 7 24 15 23 17 31 8 5 28 1 
9.90334 1 2 16 20 18 6 32 3 10 22 14 26 4 27 9 30 21 11 19 12 25 13 29 7 24 15 23 17 31 8 5 28 1 
9.90334 1 2 16 20 18 6 32 3 10 22 14 26 4 27 9 30 21 11 19 12 25 13 29 7 24 15 23 17 31 8 5 28 1 
9.90334 1 2 16 20 18 6 32 3 10 22 14 26 4 27 9 30 21 11 19 12 25 13 29 7 24 15 23 17 31 8 5 28 1 
9.90334 1 2 16 20 18 6 32 3 10 22 14 26 4 27 9 30 21 11 19 12 25 13 29 7 24 15 23 17 31 8 5 28 1 
9.90334 1 2 16 20 18 6 32 3 10 22 14 26 4 27 9 30 21 11 19 12 25 13 29 7 24 15 23 17 31 8 5 28 1 
9.90334 1 2 16 20 18 6 32 3 10 22 14 26 4 27 9 30 21 11 19 12 25 13 29 7 24 15 23 17 31 8 5 28 1 
9.90334 1 2 16 20 18 6 32 3 10 22 14 26 4 27 9 30 21 11 19 12 25 13 29 7 24 15 23 17 31 8 5 28 1 
9.90334 1 2 16 20 18 6 32 3 10 22 14 26 4 27 9 30 21 11 19 12 25 13 29 7 24 15 23 17 31 8 5 28 1 
9.90334 1 2 16 20 18 6 32 3 10 22 14 26 4 27 9 30 21 11 19 12 25 13 29 7 24 15 23 17 31 8 5 28 1 
9.90334 1 2 16 20 18 6 32 3 10 22 14 26 4 27 9 30 21 11 19 12 25 13 29 7 24 15 23 17 31 8 5 28 1 
9.90334 1 2 16 20 18 6 32 3 10 22 14 26 4 27 9 30 21 11 19 12 25 13 29 7 24 15 23 17 31 8 5 28 1 
9.90334 1 2 16 20 18 6 32 3 10 22 14 26 4 27 9 30 21 11 19 12 25 13 29 7 24 15 23 17 31 8 5 28 1 
9.90334 1 2 16 20 18 6 32 3 10 22 14 26 4 27 9 30 21 11 19 12 25 13 29 7 24 15 23 17 31 8 5 28 1 
9.90334 1 2 16 20 18 6 32 3 10 22 14 26 4 27 9 30 21 11 19 12 25 13 29 7 24 15 23 17 31 8 5 28 1 
9.90334 1 2 16 20 18 6 32 3 10 22 14 26 4 27 9 30 21 11 19 12 25 13 29 7 24 15 23 17 31 8 5 28 1 
9.90334 1 2 16 20 18 6 32 3 10 22 14 26 4 27 9 30 21 11 19 12 25 13 29 7 24 15 23 17 31 8 5 28 1 
9.90334 1 2 16 20 18 6 32 3 10 22 14 26 4 27 9 30 21 11 19 12 25 13 29 7 24 15 23 17 31 8 5 28 1 
9.90334 1 2 16 20 18 6 32 3 10 22 14 26 4 27 9 30 21 11 19 12 25 13 29 7 24 15 23 17 31 8 5 28 1 
9.90334 1 2 16 20 18 6 32 3 10 22 14 26 4 27 9 30 21 11 19 12 25 13 29 7 24 15 23 17 31 8 5 28 1 
9.90334 1 2 16 20 18 6 32 3 10 22 14 26 4 27 9 30 21 11 19 12 25 13 29 7 24 15 23 17 31 8 5 28 1 
9.90334 1 2 16 20 18 6 32 3 10 22 14 26 4 27 9 30 21 11 19 12 25 13 29 7 24 15 23 17 31 8 5 28 1 
9.90334 1 2 16 20 18 6 32 3 10 22 14 26 4 27 9 30 21 11 19 12 25 13 29 7 24 15 23 17 31 8 5 28 1 
9.90334 1 2 16 20 18 6 32 3 10 22 14 26 4 27 9 30 21 11 19 12 25 13 29 7 24 15 23 17 31 8 5 28 1 
9.90334 1 2 16 20 18 6 32 3 10 22 14 26 4 27 9 30 21 11 19 12 25 13 29 7 24 15 23 17 31 8 5 28 1 
9.90334 1 2 16 20 18 6 32 3 10 22 14 26 4 27 9 30 21 11 19 12 25 13 29 7 24 15 23 17 31 8 5 28 1 
9.90334 1 2 16 20 18 6 32 3 10 22 14 26 4 27 9 30 21 11 19 12 25 13 29 7 24 15 23 17 31 8 5 28 1 
9.90334 1 2 16 20 18 6 32 3 10 22 14 26 4 27 9 30 21 11 19 12 25 13 29 7 24 15 23 17 31 8 5 28 1 
9.90334 1 2 16 20 18 6 32 3 10 22 14 26 4 27 9 30 21 11 19 12 25 13 29 7 24 15 23 17 31 8 5 28 1 
9.90334 1 2 16 20 18 6 32 3 10 22 14 26 4 27 9 30 21 11 19 12 25 13 29 7 24 15 23 17 31 8 5 28 1 
9.90334 1 2 16 20 18 6 32 3 10 22 14 26 4 27 9 30 21 11 19 12 25 13 29 7 24 15 23 17 31 8 5 28 1 
9.90334 1 2 16 20 18 6 32 3 10 22 14 26 4 27 9 30 21 11 19 12 25 13 29 7 24 15 23 17 31 8 5 28 1 
9.90334 1 2 16 20 18 6 32 3 10 22 14 26 4 27 9 30 21 11 19 12 25 13 29 7 24 15 23 17 31 8 5 28 1 
9.90334 1 2 16 20 18 6 32 3 10 22 14 26 4 27 9 30 21 11 19 12 25 13 29 7 24 15 23 17 31 8 5 28 1 
9.90334 1 2 16 20 18 6 32 3 10 22 14 26 4 27 9 30 21 11 19 12 25 13 29 7 24 15 23 17 31 8 5 28 1 
9.90334 1 2 16 20 18 6 32 3 10 22 14 26 4 27 9 30 21 11 19 12 25 13 29 7 24 15 23 17 31 8 5 28 1 
9.90334 1 2 16 20 18 6 32 3 10 22 14 26 4 27 9 30 21 11 19 12 25 13 29 7 24 15 23 17 31 8 5 28 1 
9.90334 1 2 16 20 18 6 32 3 10 22 14 26 4 27 9 30 21 11 19 12 25 13 29 7 24 15 23 17 31 8 5 28 1 
9.90334 1 2 16 20 18 6 32 3 10 22 14 26 4 27 9 30 21 11 19 12 25 13 29 7 24 15 23 17 31 8 5 28 1 
9.90334 1 2 16 20 18 6 32 3 10 22 14 26 4 27 9 30 21 11 19 12 25 13 29 7 24 15 23 17 31 8 5 28 1 
9.90334 1 2 16 20 18 6 32 3 10 22 14 26 4 27 9 30 21 11 19 12 25 13 29 7 24 15 23 17 31 8 5 28 1 
9.90334 1 2 16 20 18 6 32 3 10 22 14 26 4 27 9 30 21 11 19 12 25 13 29 7 24 15 23 17 31 8 5 28 1 
9.90334 1 2 16 20 18 6 32 3 10 22 14 26 4 27 9 30 21 11 19 12 25 13 29 7 24 15 23 17 31 8 5 28 1 
9.90334 1 2 16 20 18 6 32 3 10 22 14 26 4 27 9 30 21 11 19 12 25 13 29 7 24 15 23 17 31 8 5 28 1 
9.90334 1 2 16 20 18 6 32 3 10 22 14 26 4 27 9 30 21 11 19 12 25 13 29 7 24 15 23 17 31 8 5 28 1 
9.90334 1 2 16 20 18 6 32 3 10 22 14 26 4 27 9 30 21 11 19 12 25 13 29 7 24 15 23 17 31 8 5 28 1 
9.90334 1 2 16 20 18 6 32 3 10 22 14 26 4 27 9 30 21 11 19 12 25 13 29 7 24 15 23 17 31 8 5 28 1 
9.90334 1 2 16 20 18 6 32 3 10 22 14 26 4 27 9 30 21 11 19 12 25 13 29 7 24 15 23 17 31 8 5 28 1 
9.90334 1 2 16 20 18 6 32 3 10 22 14 26 4 27 9 30 21 11 19 12 25 13 29 7 24 15 23 17 31 8 5 28 1 
9.90334 1 2 16 20 18 6 32 3 10 22 14 26 4 27 9 30 21 11 19 12 25 13 29 7 24 15 23 17 31 8 5 28 1 
9.90334 1 2 16 20 18 6 32 3 10 22 14 26 4 27 9 30 21 11 19 12 25 13 29 7 24 15 23 17 31 8 5 28 1 
9.90334 1 2 16 20 18 6 32 3 10 22 14 26 4 27 9 30 21 11 19 12 25 13 29 7 24 15 23 17 31 8 5 28 1 
9.90334 1 2 16 20 18 6 32 3 10 22 14 26 4 27 9 30 21 11 19 12 25 13 29 7 24 15 23 17 31 8 5 28 1 
9.90334 1 2 16 20 18 6 32 3 10 22 14 26 4 27 9 30 21 11 19 12 25 13 29 7 24 15 23 17 31 8 5 28 1 
9.90334 1 2 16 20 18 6 32 3 10 22 14 26 4 27 9 30 21 11 19 12 25 13 29 7 24 15 23 17 31 8 5 28 1 
9.90334 1 2 16 20 18 6 32 3 10 22 14 26 4 27 9 30 21 11 19 12 25 13 29 7 24 15 23 17 31 8 5 28 1 
9.90334 1 2 16 20 18 6 32 3 10 22 14 26 4 27 9 30 21 11 19 12 25 13 29 7 24 15 23 17 31 8 5 28 1 
9.90334 1 2 16 20 18 6 32 3 10 22 14 26 4 27 9 30 21 11 19 12 25 13 29 7 24 15 23 17 31 8 5 28 1 
9.90334 1 2 16 20 18 6 32 3 10 22 14 26 4 27 9 30 21 11 19 12 25 13 29 7 24 15 23 17 31 8 5 28 1 
9.90334 1 2 16 20 18 6 32 3 10 22 14 26 4 27 9 30 21 11 19 12 25 13 29 7 24 15 23 17 31 8 5 28 1 
9.90334 1 2 16 20 18 6 32 3 10 22 14 26 4 27 9 30 21 11 19 12 25 13 29 7 24 15 23 17 31 8 5 28 1 
9.90334 1 2 16 20 18 6 32 3 10 22 14 26 4 27 9 30 21 11 19 12 25 13 29 7 24 15 23 17 31 8 5 28 1 
9.90334 1 2 16 20 18 6 32 3 10 22 14 26 4 27 9 30 21 11 19 12 25 13 29 7 24 15 23 17 31 8 5 28 1 
9.90334 1 2 16 20 18 6 32 3 10 22 14 26 4 27 9 30 21 11 19 12 25 13 29 7 24 15 23 17 31 8 5 28 1 
9.90334 1 2 16 20 18 6 32 3 10 22 14 26 4 27 9 30 21 11 19 12 25 13 29 7 24 15 23 17 31 8 5 28 1 
9.90334 1 2 16 20 18 6 32 3 10 22 14 26 4 27 9 30 21 11 19 12 25 13 29 7 24 15 23 17 31 8 5 28 1 
9.90334 1 2 16 20 18 6 32 3 10 22 14 26 4 27 9 30 21 11 19 12 25 13 29 7 24 15 23 17 31 8 5 28 1 
9.90334 1 2 16 20 18 6 32 3 10 22 14 26 4 27 9 30 21 11 19 12 25 13 29 7 24 15 23 17 31 8 5 28 1 
9.90334 1 2 16 20 18 6 32 3 10 22 14 26 4 27 9 30 21 11 19 12 25 13 29 7 24 15 23 17 31 8 5 28 1 
9.90334 1 2 16 20 18 6 32 3 10 22 14 26 4 27 9 30 21 11 19 12 25 13 29 7 24 15 23 17 31 8 5 28 1 
9.90334 1 2 16 20 18 6 32 3 10 22 14 26 4 27 9 30 21 11 19 12 25 13 29 7 24 15 23 17 31 8 5 28 1 
9.90334 1 2 16 20 18 6 32 3 10 22 14 26 4 27 9 30 21 11 19 12 25 13 29 7 24 15 23 17 31 8 5 28 1 
9.90334 1 2 16 20 18 6 32 3 10 22 14 26 4 27 9 30 21 11 19 12 25 13 29 7 24 15 23 17 31 8 5 28 1 
9.90334 1 2 16 20 18 6 32 3 10 22 14 26 4 27 9 30 21 11 19 12 25 13 29 7 24 15 23 17 31 8 5 28 1 
9.90334 1 2 16 20 18 6 32 3 10 22 14 26 4 27 9 30 21 11 19 12 25 13 29 7 24 15 23 17 31 8 5 28 1 
9.90334 1 2 16 20 18 6 32 3 10 22 14 26 4 27 9 30 21 11 19 12 25 13 29 7 24 15 23 17 31 8 5 28 1 
9.90334 1 2 16 20 18 6 32 3 10 22 14 26 4 27 9 30 21 11 19 12 25 13 29 7 24 15 23 17 31 8 5 28 1 
9.90334 1 2 16 20 18 6 32 3 10 22 14 26 4 27 9 30 21 11 19 12 25 13 29 7 24 15 23 17 31 8 5 28 1 
9.90334 1 2 16 20 18 6 32 3 10 22 14 26 4 27 9 30 21 11 19 12 25 13 29 7 24 15 23 17 31 8 5 28 1 
9.90334 1 2 16 20 18 6 32 3 10 22 14 26 4 27 9 30 21 11 19 12 25 13 29 7 24 15 23 17 31 8 5 28 1 
9.90334 1 2 16 20 18 6 32 3 10 22 14 26 4 27 9 30 21 11 19 12 25 13 29 7 24 15 23 17 31 8 5 28 1 
9.90334 1 2 16 20 18 6 32 3 10 22 14 26 4 27 9 30 21 11 19 12 25 13 29 7 24 15 23 17 31 8 5 28 1 
9.90334 1 2 16 20 18 6 32 3 10 22 14 26 4 27 9 30 21 11 19 12 25 13 29 7 24 15 23 17 31 8 5 28 1 
9.90334 1 2 16 20 18 6 32 3 10 22 14 26 4 27 9 30 21 11 19 12 25 13 29 7 24 15 23 17 31 8 5 28 1 
9.90334 1 2 16 20 18 6 32 3 10 22 14 26 4 27 9 30 21 11 19 12 25 13 29 7 24 15 23 17 31 8 5 28 1 
9.90334 1 2 16 20 18 6 32 3 10 22 14 26 4 27 9 30 21 11 19 12 25 13 29 7 24 15 23 17 31 8 5 28 1 
9.90334 1 2 16 20 18 6 32 3 10 22 14 26 4 27 9 30 21 11 19 12 25 13 29 7 24 15 23 17 31 8 5 28 1 
9.90334 1 2 16 20 18 6 32 3 10 22 14 26 4 27 9 30 21 11 19 12 25 13 29 7 24 15 23 17 31 8 5 28 1 
9.90334 1 2 16 20 18 6 32 3 10 22 14 26 4 27 9 30 21 11 19 12 25 13 29 7 24 15 23 17 31 8 5 28 1 
9.90334 1 2 16 20 18 6 32 3 10 22 14 26 4 27 9 30 21 11 19 12 25 13 29 7 24 15 23 17 31 8 5 28 1 
9.90334 1 2 16 20 18 6 32 3 10 22 14 26 4 27 9 30 21 11 19 12 25 13 29 7 24 15 23 17 31 8 5 28 1 
9.90334 1 2 16 20 18 6 32 3 10 22 14 26 4 27 9 30 21 11 19 12 25 13 29 7 24 15 23 17 31 8 5 28 1 
9.90334 1 2 16 20 18 6 32 3 10 22 14 26 4 27 9 30 21 11 19 12 25 13 29 7 24 15 23 17 31 8 5 28 1 
9.90334 1 2 16 20 18 6 32 3 10 22 14 26 4 27 9 30 21 11 19 12 25 13 29 7 24 15 23 17 31 8 5 28 1 
9.90334 1 2 16 20 18 6 32 3 10 22 14 26 4 27 9 30 21 11 19 12 25 13 29 7 24 15 23 17 31 8 5 28 1 
9.90334 1 2 16 20 18 6 32 3 10 22 14 26 4 27 9 30 21 11 19 12 25 13 29 7 24 15 23 17 31 8 5 28 1 
9.90334 1 2 16 20 18 6 32 3 10 22 14 26 4 27 9 30 21 11 19 12 25 13 29 7 24 15 23 17 31 8 5 28 1 
9.90334 1 2 16 20 18 6 32 3 10 22 14 26 4 27 9 30 21 11 19 12 25 13 29 7 24 15 23 17 31 8 5 28 1 
9.90334 1 2 16 20 18 6 32 3 10 22 14 26 4 27 9 30 21 11 19 12 25 13 29 7 24 15 23 17 31 8 5 28 1 
9.90334 1 2 16 20 18 6 32 3 10 22 14 26 4 27 9 30 21 11 19 12 25 13 29 7 24 15 23 17 31 8 5 28 1 
9.90334 1 2 16 20 18 6 32 3 10 22 14 26 4 27 9 30 21 11 19 12 25 13 29 7 24 15 23 17 31 8 5 28 1 
