0 0.214623 0.0126585
1 0.348948 0.235804
2 0.708952 0.255625
3 0.383898 0.264013
4 0.869304 0.213903
5 0.341649 0.327781
6 0.485407 0.277436
7 0.633581 0.155783
8 0.386315 0.273328
9 -0.0833052 0.242329
10 0.474577 0.223594
11 0.68578 0.186998
12 0.686786 0.224659
13 0.279419 0.214755
14 0.225555 0.170226
15 0.0745948 0.211186
16 0.286055 0.157941
17 0.530636 0.278088
18 0.159815 0.226955
19 0.443853 0.218524
20 0.500521 0.185447
21 0.852969 0.166997
22 0.321225 0.220506
23 0.691774 0.14293
24 0.0937946 0.231677
25 0.34456 0.193662
26 0.0226426 0.231642
27 0.112009 0.192205
28 0.292458 0.23489
29 0.539187 0.231083
30 0.256627 0.144911
31 0.795109 0.185454
32 0.634095 0.198417
33 0.336343 0.212819
34 0.207897 0.140384
35 0.212322 0.183263
36 0.468046 0.175203
37 -0.0476526 0.227465
38 0.481972 0.155015
39 0.172522 0.203571
40 0.184914 0.168153
41 0.679243 0.190402
42 0.57807 0.228297
43 0.575339 0.224561
44 0.526627 0.18328
45 -0.00765926 0.232967
46 0.35157 0.213078
47 0.313402 0.184264
48 0.280942 0.210477
49 0.280784 0.186777
50 0.403696 0.197292
51 0.0750968 0.203075
52 0.0754644 0.211658
53 0.313963 0.183377
54 0.326907 0.17512
55 0.0482193 0.173136
56 0.216878 0.2412
57 0.281102 0.190165
58 0.133728 0.16449
59 0.315971 0.182296
60 0.436399 0.219487
61 0.359204 0.160419
62 0.475071 0.169199
63 0.407855 0.163677
64 0.366332 0.172576
65 0.488699 0.171151
66 0.27882 0.175105
67 0.443293 0.146591
68 0.256883 0.165854
69 0.672382 0.189632
70 0.164699 0.15881
71 0.296808 0.174246
72 0.271545 0.184646
73 0.234517 0.157836
74 0.328084 0.159318
75 0.0528567 0.122784
76 0.467954 0.10402
77 -0.0868805 0.156565
78 0.189495 0.20052
79 0.289818 0.131697
80 0.468257 0.1605
81 0.206954 0.190042
82 0.374617 0.173729
83 0.331434 0.14601
84 0.290426 0.122464
85 0.227649 0.192419
86 0.216461 0.181005
87 0.0655068 0.156131
88 0.368819 0.176682
89 0.425289 0.162462
90 0.396828 0.163745
91 0.186342 0.161778
92 0.0397414 0.15594
93 0.312251 0.187119
94 0.375722 0.16201
95 0.137824 0.154418
96 0.417017 0.208266
97 0.373045 0.163693
98 0.640495 0.135693
99 0.283271 0.141282
100 0.541235 0.181296
101 0.337402 0.266361
102 0.127749 0.153688
103 0.539865 0.120651
104 0.495245 0.180532
105 0.0770088 0.162694
106 0.322805 0.169731
107 0.385902 0.169006
108 0.697615 0.165865
109 0.230633 0.163283
110 0.298637 0.154482
111 -0.0046027 0.181639
112 0.16158 0.182029
113 0.423833 0.152855
114 0.520356 0.184655
115 0.455842 0.142963
116 0.17049 0.204562
117 0.460997 0.167146
118 0.421121 0.199658
119 0.518012 0.169262
120 0.366525 0.135741
121 0.0924803 0.164604
122 0.400948 0.150551
123 0.251998 0.171237
124 0.376482 0.149625
125 0.370301 0.148865
126 0.860471 0.143411
127 -0.0863781 0.180002
128 0.163141 0.128217
129 0.552478 0.162045
130 0.360955 0.177368
131 0.0823086 0.171545
132 0.472963 0.136568
133 0.508529 0.164852
134 0.496014 0.175858
135 0.266732 0.142943
136 0.48142 0.145361
137 0.400854 0.191445
138 0.112311 0.136862
139 0.121803 0.161268
140 0.303408 0.162879
141 0.292557 0.120965
142 0.195324 0.144222
143 -0.0486522 0.202618
144 0.370905 0.129474
145 0.422761 0.148133
146 0.0638756 0.173819
147 0.414273 0.169451
148 0.428701 0.152782
149 0.139721 0.0905992
150 0.430635 0.181079
151 0.0235745 0.137904
152 0.332843 0.179718
153 0.538408 0.145762
154 0.44883 0.186039
155 0.221896 0.155417
156 0.244545 0.162921
157 0.353083 0.140623
158 0.172673 0.140174
159 0.0928333 0.135658
160 0.427142 0.131323
161 0.181145 0.17324
162 0.360253 0.117191
163 0.377962 0.163227
164 0.295452 0.127625
165 0.129617 0.193629
166 0.199443 0.169408
167 0.303182 0.120139
168 0.262061 0.180952
169 0.303421 0.183132
170 0.228587 0.162191
171 0.217975 0.144599
172 0.552273 0.145025
173 0.353295 0.187126
174 0.418679 0.170341
175 0.213919 0.169081
176 0.280344 0.213664
177 0.441764 0.191264
178 0.157463 0.152699
179 0.198266 0.138169
180 0.442726 0.170472
181 0.263431 0.141769
182 0.472076 0.18938
183 0.432227 0.163724
184 0.277971 0.137134
185 0.605869 0.203459
186 0.313953 0.151663
187 0.13719 0.164529
188 0.245306 0.128109
189 0.3268 0.136051
190 0.305584 0.184491
191 -0.0725948 0.143659
192 0.201191 0.223799
193 0.576971 0.17413
194 0.0916356 0.169746
195 0.237701 0.133923
196 0.128362 0.181355
197 0.539854 0.23245
198 0.548201 0.196047
199 0.2602 0.160635
200 -0.0365279 0.181683
201 0.277665 0.169989
202 0.434629 0.194202
203 0.614654 0.182719
204 0.174982 0.133447
205 0.0567993 0.166067
206 0.201406 0.16292
207 0.145315 0.148583
208 -0.0567424 0.218387
209 0.55716 0.129358
210 0.160947 0.165971
211 0.409303 0.144127
212 0.389881 0.177829
213 0.14248 0.124689
214 0.460315 0.176949
215 0.511414 0.15878
216 0.355874 0.224388
217 0.796489 0.159792
218 0.345505 0.221763
219 0.401023 0.160876
220 -0.0796329 0.103654
221 0.529505 0.181219
222 0.344521 0.151957
223 0.0314126 0.156882
224 0.417137 0.130984
225 0.328856 0.15994
226 0.529398 0.21052
227 0.0551467 0.187953
228 0.547054 0.164329
229 0.157156 0.220583
230 0.365867 0.149969
231 0.194 0.140469
232 0.167434 0.0898525
233 0.304371 0.164152
234 0.32477 0.191075
235 0.492782 0.175306
236 0.198065 0.160269
237 0.462678 0.15796
238 0.494607 0.203758
239 0.301532 0.171218
240 0.10717 0.189991
241 0.224068 0.221543
242 0.372354 0.204426
243 0.205016 0.153961
244 0.17111 0.18507
245 0.244315 0.139287
246 0.652246 0.190983
247 0.291362 0.124228
248 0.375308 0.171261
249 0.209671 0.151986
250 0.136715 0.205709
251 0.251098 0.165128
252 0.38841 0.206459
253 0.411628 0.224374
254 0.0800017 0.177893
255 -0.214569 0.240112
256 0.468599 0.186255
257 0.421364 0.212261
258 0.141562 0.18962
259 0.739307 0.192027
260 0.528311 0.20593
261 0.0353507 0.201946
262 0.0688838 0.129801
263 0.492781 0.208489
264 0.625259 0.262541
265 0.383531 0.207524
266 -0.218874 0.191761
267 0.413333 0.213937
268 0.411228 0.215245
269 0.0721151 0.201805
270 0.349637 0.207875
271 0.519174 0.124061
272 0.31466 0.118633
273 -0.0609559 0.207177
274 0.280615 0.224754
275 0.562629 0.222889
276 0.581374 0.199824
277 0.749458 0.172621
278 0.260816 0.240702
279 0.326465 0.216651
280 0.423315 0.213165
281 0.873187 0.1727
282 0.225039 0.164984
283 0.15609 0.197603
284 0.0911871 0.1961
285 0.35105 0.273753
286 0.405923 0.159754
287 0.154618 0.2534
288 0.614386 0.150518
289 0.306308 0.28333
290 0.178472 0.24471
291 0.694823 0.200026
292 0.444946 0.230394
293 0.167564 0.1995
294 0.279139 0.284071
295 0.145436 0.244668
296 0.689607 0.2269
297 0.202098 0.218947
298 0.893128 0.333881
299 0.217286 0.0108877
