2.6983 0
2.1745 0.523803
1.95467 0.373872
1.86909 0.277877
1.82754 0.219216
1.79973 0.181137
1.77043 0.155867
1.75052 0.136445
1.73634 0.121166
1.72134 0.109407
1.7165 0.0990804
1.71309 0.0905118
1.70205 0.0839882
1.69023 0.0786502
1.6892 0.0732266
1.67807 0.0693967
1.66774 0.0659998
1.65443 0.0636332
1.65187 0.0602454
1.6489 0.0572306
1.64214 0.0548563
1.63814 0.0524557
1.63312 0.0503747
1.6312 0.048268
1.62815 0.0463974
1.62444 0.0447318
1.62064 0.0432107
1.61989 0.0416456
1.62101 0.0401995
1.62086 0.0388367
1.62019 0.037569
1.61826 0.0364274
1.61664 0.0353434
1.61492 0.0343312
1.61242 0.0334293
1.61235 0.0324875
1.61163 0.0316054
1.60876 0.0308962
1.60921 0.030097
1.60923 0.0293349
1.60985 0.0286171
1.6107 0.0279403
1.61092 0.0272837
1.61127 0.0266588
1.60828 0.0262309
1.60702 0.0256854
1.60704 0.0251329
1.60544 0.0246554
1.60358 0.0242191
1.60425 0.0237393
1.6051 0.0232849
1.60336 0.0228992
1.60275 0.0224713
1.60153 0.0220846
1.59989 0.0217416
1.59864 0.0213863
1.59932 0.0210188
1.6014 0.0207578
1.60255 0.020435
1.60282 0.0200934
1.60377 0.0197839
1.60582 0.0195702
1.6071 0.0192996
1.60679 0.0189982
1.6068 0.0187036
1.60598 0.0184363
1.60519 0.018176
1.60421 0.0179338
1.60295 0.0177164
1.60305 0.0174617
1.60192 0.0172509
1.59898 0.0172613
1.59789 0.0170581
1.5972 0.01684
1.59575 0.0166774
1.59391 0.0165589
1.59371 0.0163437
1.59333 0.0161371
1.59364 0.0159345
1.59375 0.0157345
1.59267 0.0155763
1.59194 0.0154025
1.59163 0.0152189
1.5925 0.0150613
1.59285 0.0148872
1.59229 0.0147238
1.59095 0.0146147
1.59132 0.0144522
1.59272 0.0143572
1.59378 0.0142366
1.59417 0.0140846
1.5934 0.0139517
1.59383 0.0138076
1.59347 0.0136648
1.59265 0.0135453
1.59282 0.0134046
1.59255 0.0132686
1.59255 0.0131325
1.59251 0.0129992
1.59279 0.0128715
