1.79887 0
1.44967 0.349202
1.30312 0.249248
1.24606 0.185251
1.21836 0.146144
1.19982 0.120758
1.18029 0.103911
1.16701 0.0909635
1.15756 0.0807771
1.14756 0.0729377
1.14433 0.0660536
1.14206 0.0603412
1.1347 0.0559921
1.12682 0.0524334
1.12614 0.0488177
1.11871 0.0462644
1.11183 0.0439999
1.10295 0.0424221
1.10125 0.0401636
1.09927 0.0381537
1.09476 0.0365709
1.0921 0.0349705
1.08874 0.0335831
1.08747 0.0321787
1.08543 0.0309316
1.08296 0.0298212
1.08042 0.0288071
1.07992 0.0277637
1.08067 0.0267997
1.08057 0.0258911
1.08013 0.025046
1.07884 0.0242849
1.07776 0.0235623
1.07661 0.0228875
1.07495 0.0222862
1.0749 0.0216583
1.07442 0.0210702
1.07251 0.0205975
1.07281 0.0200647
1.07282 0.0195566
1.07323 0.0190781
1.0738 0.0186269
1.07394 0.0181891
1.07418 0.0177725
1.07219 0.0174872
1.07135 0.0171236
1.07136 0.0167553
1.0703 0.0164369
1.06905 0.0161461
1.0695 0.0158262
1.07007 0.0155232
1.06891 0.0152661
1.0685 0.0149808
1.06769 0.0147231
1.06659 0.0144944
1.06576 0.0142576
1.06622 0.0140126
1.0676 0.0138385
1.06837 0.0136233
1.06855 0.0133956
1.06918 0.0131893
1.07055 0.0130468
1.0714 0.0128664
1.0712 0.0126654
1.0712 0.0124691
1.07065 0.0122909
1.07013 0.0121173
1.06947 0.0119559
1.06864 0.0118109
1.0687 0.0116411
1.06795 0.0115006
1.06599 0.0115075
1.06526 0.0113721
1.0648 0.0112267
1.06383 0.0111183
1.06261 0.0110392
1.06247 0.0108958
1.06222 0.0107581
1.06243 0.010623
1.0625 0.0104896
1.06178 0.0103842
1.06129 0.0102684
1.06109 0.0101459
1.06166 0.0100409
1.0619 0.00992483
1.06153 0.00981584
1.06064 0.00974312
1.06088 0.00963482
1.06181 0.00957143
1.06252 0.00949105
1.06278 0.00938971
1.06227 0.00930113
1.06256 0.00920508
1.06231 0.00910984
1.06176 0.00903018
1.06188 0.00893642
1.0617 0.00884575
1.0617 0.00875502
1.06168 0.00866617
1.06186 0.00858102
