0.333884   -0.30087   -0.337654
-0.339965   -0.129688   -0.283324
0.127171   -0.249535   -0.468142
-0.0571866   0.492881   -0.454386
-0.200777   -0.219721   -0.125176
0.134155   -0.153857   -0.310176
0.2171   -0.370326   -0.31688
0.271329   -0.290968   -0.173271
-0.204298   -0.0435358   -0.367858
0.38083   0.442021   -0.0701475
0.324701   -0.363731   -0.417445
-0.459615   0.183538   0.476126
0.492891   0.167027   -0.435757
-0.0517618   0.0370303   -0.49787
-0.440382   -0.433977   0.404283
0.228277   -0.220798   0.0748317
-0.105719   0.0380269   -0.243927
-0.0478537   0.477848   0.108145
-0.326842   -0.136241   0.100155
-0.120273   0.151344   -0.0162521
-0.167264   -0.315941   -0.107498
-0.43681   -0.251507   0.00143349
-0.412601   0.274173   0.498849
0.0256103   0.421854   0.272031
-0.478559   0.098131   -0.384846
-0.0628625   0.12167   -0.312202
-0.33446   0.208082   -0.330394
0.218917   -0.0541512   0.119839
-0.307514   0.355875   0.00420514
0.138408   -0.138892   -0.387055
-0.441503   -0.486607   -0.174718
-0.270867   -0.181412   0.226913
0.293029   -0.239237   0.184309
0.108071   -0.0680422   0.124991
-0.348115   -0.379742   0.364938
-0.0626848   0.386617   0.262623
-0.380676   0.346838   -0.480828
-0.45809   -0.479831   0.074842
0.0929438   0.0701066   -0.0489723
0.493805   0.103279   -0.286242
0.241462   0.109489   -0.35533
0.319629   0.45679   -0.496411
0.444676   -0.416812   0.0424196
0.165058   0.407198   -0.228422
-0.442541   0.244721   0.14142
-0.215231   -0.224264   0.397793
0.240498   0.391695   -0.0969824
0.00582003   0.0824601   0.359095
-0.471297   -0.115991   0.366569
0.485828   0.437513   -0.0704914
0.34618   -0.144591   0.37537
-0.396069   0.0367299   -0.239164
0.0718571   0.168049   0.377662
0.440297   0.320001   -0.198202
-0.356271   0.385805   -0.236922
0.207769   -0.183908   -0.0395322
-0.0689263   0.169043   0.264964
0.307566   -0.203258   -0.00677822
0.139567   -0.11369   -0.466526
0.167671   0.207303   0.0885962
0.276597   -0.132141   0.316209
0.117567   0.310936   0.313693
0.24331   0.160994   0.442491
-0.160754   -0.18603   0.05576
-0.305284   -0.308421   -0.118025
-0.053067   -0.210115   0.047303
-0.375242   -0.15823   -0.134697
-0.218578   0.329966   0.36724
0.432098   0.0890322   0.186817
-0.290694   0.273186   0.202782
-0.215748   -0.38441   -0.147124
-0.435996   -0.22915   0.484933
-0.262568   -0.321381   0.368095
-0.131219   0.221203   0.217871
0.471121   -0.0856706   -0.329194
-0.0557456   -0.497472   0.44236
0.398242   -0.219618   0.485375
0.193211   0.161485   0.267712
-0.0786202   0.355562   -0.202932
-0.435166   -0.4396   0.205272
0.0682575   0.246746   0.372893
-0.239683   0.256336   0.418834
0.354993   0.458246   -0.330448
0.390761   0.446793   0.198924
-0.155797   0.0079932   0.316866
0.30061   -0.126705   0.0523834
-0.277658   0.187338   0.179906
-0.200242   -0.191096   0.146012
0.217124   0.330051   0.40985
-0.323134   -0.0224783   0.397241
-0.328622   -0.109941   0.191497
-0.144744   0.302679   0.429499
-0.115282   0.25859   0.295338
0.0164778   0.116165   -0.261538
-0.247289   -0.482035   -0.355175
0.120816   0.351321   -0.178822
-0.0482887   0.0258259   0.364176
0.405195   -0.0602518   0.204307
-0.39198   0.00185858   -0.417815
-0.297654   -0.428898   0.307417
-0.232309   0.344371   0.0425682
0.0076561   -0.0977003   -0.102766
0.38172   -0.198541   -0.0415855
-0.160868   -0.177419   0.292273
0.494739   -0.227148   -0.159002
0.183377   -0.0450395   0.289969
-0.452968   -0.184967   -0.233204
-0.480596   -0.462147   -0.474985
