-0.754701 0.501757 1
-0.477065 0.513623 2
0.716406 0.600869 3
-0.336482 0.0649035 4
-0.689641 -0.330561 5
0.786488 0.854471 6
0.963473 -0.998485 7
-0.649897 -0.452768 8
-0.345454 -0.166771 9
0.45399 0.23941 10
0.245792 -0.243384 11
0.271772 -0.440704 12
0.643602 -0.373555 13
0.0888188 0.220742 14
-0.264468 -0.661209 15
-0.091826 0.380096 16
-0.976474 -0.755848 17
0.093964 0.794934 18
0.179026 -0.47754 19
0.172543 0.472361 20
0.0144104 -0.263164 21
0.23476 0.339097 22
-0.719285 -0.670647 23
-0.0322158 -0.734209 24
0.509917 -0.454893 25
-0.155683 0.0223583 26
-0.370183 -0.122637 27
-0.874484 0.605347 28
0.661826 -0.48882 29
-0.130989 -0.274291 30
-0.599698 -0.512397 31
0.91472 0.626638 32